"","ZCTA5CE10","max99_1","max99_2","max99_3","max975_1","max975_2","max975_3","max95_1","max95_2","max95_3","min99_1","min99_2","min99_3","min975_1","min975_2","min975_3","min95_1","min95_2","min95_3","diff01_1","diff01_2","diff01_3","diff025_1","diff025_2","diff025_3","diff05_1","diff05_2","diff05_3"
"1","90001",0.0844213841495041,0.709485251770098,2.7001541775071,-0.0262130925056994,0.283529580759691,0.596559675226043,0.0135502100687355,-0.0993018842760933,0.0984262623174528,-0.346267693600585,-0.68245036887754,-0.952931812610561,0.0555151385394473,-0.0289272262390058,-0.610336267380336,-0.100697961036482,-0.189593684780275,-0.240565952189852,-0.573293916661393,1.42488472842335,0.800184022110964,-0.177551847441396,0.179786069916965,0.140674433905452,-0.297037263671289,0.254363622325566,0.75535194740933
"2","90002",1.59944708332729,0.935229163865121,0.932336252045292,0.503879859390873,0.734471938270837,1.08382490592679,0.256094352509867,0.440890452005146,0.484628587755451,0.485604932534476,0.821705615711992,0.746288647322217,-0.145262116958005,0.55199747176574,0.237957856980396,0.106545090992157,0.159103996225148,0.199934485536192,1.43416812483844,-0.403170646295315,1.53447409210398,0.676048809537777,1.18872388969972,1.11928463752166,0.373489136225249,0.279789760971669,0.37959071955484
"3","90003",-0.100106414886436,0.154205265456291,0,0.127395690141448,0.0983361495081658,0.688421985050166,0.0202257136354827,-0.0359830162339601,0.436934535764741,-0.470035079737587,-0.385589383335145,-0.757505598729048,-0.233521076751304,-0.0298996611848041,-0.15621295329647,-0.404554181837242,-0.651788672668216,-0.814921790241652,0.168089341962446,-0.975898517036942,0,0.237716295672702,-0.183675242461483,-2.01051280879782,-0.0279008192745624,-0.20958714361088,-0.568970984456873
"4","90004",0.695221437269914,1.30695307415321,-0.882941897872398,0.617734172113708,0.2081399037629,-0.503637552156671,0.357269374570829,0.255857611663832,-0.146704125260724,-0.419815385271863,-0.253185526742414,-0.45282285864927,-0.103342184310066,-0.168633254951488,-0.245346227429549,-0.0364269578050103,-0.449503398382685,-0.521738498779134,-0.55386021067777,-0.31976901753844,0,-0.364188265363984,-0.203117288968817,-1.55753987358662,-0.221251115145563,-0.575214875581326,-0.186687500723013
"5","90005",-0.0809206814124078,-0.863578044125639,-0.54951421447627,-0.243061581615083,-0.260063991588898,-0.652405754399359,0.0109945967225074,0.0196183458597457,-0.10147657020278,-0.271683905135404,-0.0522989701545288,-0.244583062197645,-0.292267950215152,-0.337441098529436,0.0248048274034382,-0.00877534272047718,-0.0729471665713666,0.180875145326375,0.424573340791508,0,0,0.37731193637362,0.698207371877303,0.456317877843646,-0.0391829125810482,0.302579582653923,0.290271761426483
"6","90006",-0.102424376183883,-0.524422721310058,-1.09165688148588,-0.024486681582942,-0.38701076595531,-1.54856659632445,0.159135124225171,0.0798023856871157,-0.0936758790112666,-0.441048975141147,-0.430549113732079,0.162482060752911,-0.359039429428854,-0.112925141359528,0.0349701771767976,-0.140154912176487,-0.439614360912345,-0.43317468177363,0.0873817566938064,0,0,-0.109308875377069,-0.0340418397825976,0.743071262941909,-0.122881000507905,-0.355929756867605,-0.189736990671703
"7","90007",0.242839524702218,0.438072408272347,1.25813889288269,0.0541669495929698,-0.119880640057809,0.646769664743433,0.219941572151986,0.233474951196859,0.383302641390076,0.203125867174776,0.127549871196755,0.576729337144001,0.441296299215138,0.195630640898742,0.577877306864419,0.290582706386321,0.224864251832167,0.174564311141452,0.00799762742878286,0,0,-0.104341113735822,-0.765474975683287,-0.90577045083973,0.158884485370573,-0.466399042355886,0.303162555294544
"8","90008",1.6468720319361,1.85815314997401,0,0.958934921492752,0.785824384856649,0.243129432733416,0.233798458833727,0.830341242619086,0.44734018766605,0.697034472057914,0.264302244174705,0.646006712527498,0.335389191211331,0.221176111255322,0.180083536009786,0.196514205062006,0.0820713135818068,-0.146064553743728,-0.053437598963273,-0.413235364473933,0,0.0318396885598766,-0.0338513124611577,2.64220225018177,0.311955962633177,0.0909784566814461,0.495377745225622
"9","90010",-0.129486354842245,-0.143346495141601,-0.185706770689905,-0.00119486838739058,-0.160787772594013,-0.160825361798103,0.020284965387738,-0.0490989528595341,-0.0402804091927228,0.207535936500074,0.262330276451047,0.375221563624193,0.0169607492276118,0.121330063776995,0.250428993644708,0.025570009364153,-0.00814958448585268,0.0596499495344619,0.0407914581158609,0,0,0.0205048115893572,-0.0798267632577222,-0.0992415972560022,-0.000593596949391796,0.0214933419480266,0.0543913662878428
"10","90011",0.0580166920185714,-1.12636139472998,-2.58489210368939,-0.0339468680289448,-0.21889116531254,-1.08630065971562,0.519159212322394,0.633264241145865,0.392478513961693,0.462859011381532,-0.397424440562657,-0.652564592923032,0.177958851970295,0.124505521223401,-0.71643222494685,-0.0157093156975886,-0.0299903325347408,-0.214752628761316,0.296119395178566,0,0,-0.0529719137494128,-0.16283233266379,0.884246622989335,-0.289345361374386,-0.488322630020483,-0.0521876401284645
"11","90012",0.140046685174638,-0.065472457427842,-0.747641013153868,0.0109045756479647,-0.406496424746012,-0.063369099881395,-0.032270439162998,-0.531863893952004,-0.36368365678813,-0.29264111551554,-0.348712430158353,0.370490671270551,-0.183134366747016,-0.328081672861459,0.199102061373068,-0.121044166581278,-0.0565338564290797,0.0626796447684315,0.537891941906301,-0.216669936754667,0,0.0780236507818267,-0.358362993542888,-1.11154046576358,0.125401156709486,-0.239989010423519,-0.132990937464402
"12","90013",-0.112680906310803,0.352994374236048,-0.149927389013672,-0.0446097464614205,0.0922208929344455,0.120260857820546,0.0380462939125179,-0.13480289657687,-0.163387546580162,0.026850540280916,0.314194068313147,1.18374149916134,0.114432132260892,0.183762129046676,0.609735715747749,0.0884693591944462,0.126852477780203,0.457191403731278,0.394905605875406,0.962209336702262,0,0.194803762330734,0.0783134017380204,-0.234525940586199,0.104350937163287,-0.156987802001288,0.0730849859640621
"13","90014",-0.106605430449276,-0.193196523284212,-0.364645937769752,-0.177322247023093,-0.0634067333522922,-0.102992068383616,-0.194879068076899,-0.0680157327332061,0.319028753894882,0.0699686199364971,0.333810023707574,-0.13164278361227,-0.223495019805176,0.0145200779095502,-0.249760084993869,-0.0941874009073426,-0.0199326225871814,-0.125289288184132,-0.207876731394842,0,0,-0.0406464366245902,-0.202091954855046,1.45623208854043,0.0942735672422271,-0.112834879765212,0.109343556911686
"14","90015",-0.570419104325003,-0.292972457816336,-0.177017803810651,-0.381233994652756,-0.154855730088206,0.0425512197589578,-0.134895629002241,-0.0912003920060336,0.0581142925823463,-0.12621661959871,-0.490731933057233,-0.227217452481037,-0.193141671939391,-0.0511667340979689,-0.162667526955254,-0.11590468987718,-0.0715025552759175,-0.0120004929184348,-0.177594211116239,0,0,0.0295738189137002,-0.147326972496952,-0.793135122571245,-0.032447207471959,-0.127910221753173,-0.317339202095303
"15","90016",-0.482941673975098,-0.324627642207078,0,-0.215971514230237,-0.0973312373536382,-0.0895011463495639,0.0294919711632244,-0.198354226339047,-0.0371704271591263,-0.90061672669621,-0.823532656245414,-0.071502099750377,-0.653543716190918,-0.865581050633034,-0.542617982517054,-0.491951588801926,-0.916043082566059,-0.908731651585819,0.395586517712601,1.70433671481125,0,0.388970736435579,1.33975149124313,1.48043040366965,0.269943221158548,1.15066864004639,1.43256206566275
"16","90017",-0.316892919039755,-0.275392532479187,-1.19257746772472,-0.158629252598587,-0.224335576464148,-0.338614081794547,-0.209103128209666,-0.204060342883449,-0.234134203141756,-0.552387144025346,-0.582379861263376,-0.0865704382436311,-0.431599295706342,-0.758048497134069,-0.552513319530022,-0.185509852554702,-0.141417828647745,-0.0426877289550659,-0.0888575490332682,0,0,0.0838904102690319,0.237951528200648,-0.176980239637964,0.131178680467295,0.391485721014447,0.30557388557497
"17","90018",0.204394316203598,1.36410740532446,0,0.303882192632726,0.455923395490908,1.35857628411951,0.275203022606143,0.371915832139121,0.588726759545518,0.188825263608451,1.42958272127658,1.92182380579862,-0.0790385814749904,0.425366811312987,0.65361830205158,-0.144153823645141,0.0119567719189126,0.518226700920739,0.466026068654637,-1.30360694255451,0,0.517485744010281,-0.334561382288388,0.72398714382087,0.451784138740397,-0.0814774060196078,0.238997989755329
"18","90019",0.427726991331257,1.49590122737033,0,0.00669264223066066,0.840939186708405,0.715325649472394,0.0702097937783062,-0.103976123414552,0.172477270229576,-0.217913756993664,0.485152666110644,0.271230869713751,-0.360023928120728,-0.0192477570108175,-0.142512268862431,-0.0264383367358481,0.0379906891570318,-0.075961465341878,0.0658308427172002,0.48001232114653,0,-0.483676609321992,-1.24787655212663,-2.02365534790392,-0.233080336314539,-0.333162344285535,-0.302135485393951
"19","90020",-0.00710938514219607,-0.221660841984325,0.987983521836797,-0.115266823427728,-0.556901297964449,-0.255750335167659,-0.181344505897186,-0.359952977416103,-0.561932845216831,-0.427645111107263,-0.379839435415136,-0.154827009750095,-0.178773509139297,-0.158435430831185,-0.344170334126211,-0.157843863368374,-0.0650958739586217,-0.295294405246433,-0.219276928096786,-0.790392167631557,0,0.21501812306849,0.376688691094615,0.557618507805403,0.286165254332192,0.104697585485737,0.470318866967546
"20","90021",-0.21860851341171,-0.243560325134745,-0.171818134813672,-0.0193342090733393,-0.0568409868298887,-0.0340483907212375,-0.0226395095189851,0.00646119768012324,-0.133332946706741,-0.0269511384352379,-0.0534991084714473,0.0468346762529843,-0.0334886238105377,-0.0125835460245,-0.0554254625218695,-0.0254928122130527,-0.0415049104106903,-0.040729748651302,-0.000642756949968494,-0.156808939292832,0,-0.116239663078137,-0.279941459105493,-0.239629562895993,0.0600001282034123,-0.185390567673195,-0.240867305744257
"21","90022",-0.6345072634029,-0.371408769776138,-0.437596860469689,-0.468478031100164,-0.097880180672217,-0.199665693861736,-0.423608967720676,-0.29373314755164,-0.465002155603139,-0.861782358690454,-1.05326860996651,-0.714846561131233,-0.296489099363073,-0.833891146968402,-0.82980318572924,-0.296068096059598,-0.500043130734156,-0.960698472435678,0.678573698097669,0.999299500573251,0.798969795246903,0.317915201518457,0.35273947977571,0.875288870226066,0.0931951520731141,0.383224891167658,1.02155099532474
"22","90023",-1.21914772891905,-0.766596610177551,-0.176859936341761,-0.402776816038958,-0.871021981307855,-0.843576920836224,-0.0555196224970714,0.0390533885747836,0.304408406380519,-0.212398782573943,-0.784753636410645,0.118103257091348,-0.00514468713216713,0.188581899839161,0.395101820082985,0.187189055868353,0.173144271972171,0.612886888689623,0.0601938204748945,1.31214299906149,0,0.0226431237163027,0.388347916616721,0.252229815138866,-0.157026836171963,0.258040943009895,0.180649410471599
"23","90024",-0.40052373968783,0.310312221589693,-0.688887758194134,-0.185227335632783,0.332888152401049,-0.517474586808021,-0.118749506007032,0.0625179962277615,0.154842571407394,-0.198911709614112,-0.983465517007448,-0.442742953054845,-0.394641941423618,-0.363438767710827,-0.604437004845052,-0.159883703235712,-0.105185617895138,0.0415662176724511,0.889800330210311,1.4645246827073,0,0.25450798948239,1.01663790210986,0,0.0732572197325219,-0.0250649724993645,-0.549589988515522
"24","90025",0.196724759702836,0.38314658485905,0.231182450274541,0.273824810113043,0.280008922961711,0.0770637928882322,0.0723272986107538,-0.0539564447956082,-0.111831261257579,0.115390460238487,0.202453297543926,-0.255222044125958,0.0888899051586895,0.0355080438233769,0.0841597098985846,-0.0720082733514337,-0.19411730547055,-0.154784021438935,-0.51898286880579,-1.01124748575429,-1.97187555415282,-0.045740761136938,-0.460746347270929,-0.780572740885611,0.0670577476418835,-0.379349936118259,-0.211103287352848
"25","90026",-0.242899401384936,0.721440750132921,1.09133383050332,0.255850175023034,0.0760831783799763,-0.122839337288117,0.443609096331521,0.66136641192815,0.407120741542102,0.270066781283765,0.495380229544893,1.07511438076086,0.213282253420593,0.571461460935949,0.737128005418826,0.317296480841227,0.353176763810709,0.34617138239542,-0.714051018874297,-1.01907781978371,0,-0.510269002394553,0.39015543199048,-0.232849823429292,-0.157666906999923,0.200613370877266,0.150020310161685
"26","90027",-0.27913136005558,0.909504681267223,0.315954306440601,-0.332782684978732,0.038293631975896,0.432448976948928,-0.359518672408078,0.0119137210859372,0.119978768382018,0.639412660782979,1.18805332316293,2.34405074687547,-0.0300791681759535,0.164911402592822,0.48732260584553,0.289833290942643,0.400212593455109,0.377357445396809,0.417902581354111,-0.463086442937464,0,-0.285837323714524,-1.21288047602738,-1.28313429170407,-0.0979304150018083,-0.642281053129387,-0.827181467281521
"27","90028",-0.264663328552251,-0.114436232534052,0.294160175648732,-0.366698379823874,-0.184975419686784,0.0322510447843828,-0.0872638383708318,-0.45241440806238,-0.109604823776522,0.0438119232875141,0.0406552577519148,-0.0459902147968476,-0.14861005263991,0.0703447123880019,0.174099018096398,-0.399415551914318,-0.282474228653268,-0.394808235012137,-0.536320821119204,-0.0943127502184551,0,0.00858033325326607,0.509876493215209,0,-0.179082853686948,-0.289936418930235,0.0683807018061831
"28","90029",0.298864776469338,0.632263557109381,0.591094361646888,-0.0360299719197167,0.0533270191688495,-0.0531308340347046,-0.152334453058935,-0.16136100460742,-0.174971920222736,-0.0240799568764929,-0.334838327804305,-0.157251222763933,-0.261793773569876,-0.261239489197946,-0.136394222816283,-0.228242315698505,-0.192106731826696,-0.291197505012317,0.359634695926475,0.224357205651504,0,0.375040804555562,0.393871617388303,0.297578719060902,0.378448161438153,0.469602483286962,0.67804556838978
"29","90031",0.065562598891642,-0.104655776399135,0.412938610889874,0.266621456295205,0.385439809191535,0.320443278392669,0.099673133820319,0.173731795729843,0.118922386757754,0.323171691589153,0.611221174213953,0.65761722916169,0.229237881466832,0.137232562126692,-0.126337133069239,0.219746700344823,0.259897703855179,0.235118522519631,0.533985562815982,1.83545163749546,2.58856125213821,-0.0771014992967615,1.03884455850511,1.38954777544277,-0.0606860778027993,0.470165824704867,0.701923209167633
"30","90032",0.237359814933643,0.481151234347124,1.51683290508945,-0.223360659335764,0.119624296975626,0.466621519891476,-0.234199494056364,-0.0519598669973443,-0.083387586240506,-0.105791180572779,0.291161430973374,1.48409272010246,-0.0722368462685062,0.157417162670038,-0.0641099345698467,-0.186465762067032,-0.214400040865894,-0.316945800881225,0.350710204764565,-0.523964027787495,-1.3253923954778,-0.0535007739643818,-0.587454333212647,-0.705803869587706,-0.0597585699353252,0.0537904080042925,-0.07007838268852
"31","90033",-0.969796193488852,-0.902051562709106,0.324826554113325,-0.436032688077743,-0.58834498679442,-1.39897170898824,-0.1051938566013,-0.112002235920514,-0.481741860236451,-0.0629887606878143,-0.19991951932849,-0.145015924750896,0.26645283429122,0.428682969774039,0.84830338253396,0.200763198547531,0.451363855908925,0.785457265879648,-0.190784473276496,1.62483596951562,0,-0.183505777755821,-0.538182213189675,-0.86011822708739,-0.0735274480197434,-0.344958973165326,-0.459002915498561
"32","90034",0.168952116627679,0.509757857262219,0.507648010989944,-0.0681890981710532,-0.27297655576791,0.407086409972849,0.00625961403371708,-0.153494208466702,-0.0778541208712382,-0.232903604184928,-0.372492951224078,-0.161906389004235,0.0968396546416655,-0.00995241249149699,0.455467079703763,-0.0530427276905988,-0.321549427386996,-0.138812355106958,0.62090238258507,1.73473114158605,1.13545270577466,0.247511602851284,0.878143490985424,1.45468716851449,0.326550741144965,0.334496239099144,0.191488960779718
"33","90035",0.390083647957617,-0.212057276043314,0.750659084682718,0.414257231851922,-0.0661537880948743,0.568274720176873,0.216009998775146,-0.0292073163256615,0.115939640894036,-0.239140391496476,0.0574446441556545,-0.336424238377995,-0.17610469304607,-0.159398379542224,-0.305750175763963,-0.091328915481655,-0.0983564095772025,-0.209711265103737,0.38854282398885,-0.408023831597031,-0.0983428239108525,0.0974728867349995,-0.567976410985753,-0.556348503282752,0.129370474390613,-0.144312071517681,-0.123640552812586
"34","90036",0.68153970515343,0.830615809845326,-1.48934522524769,0.154218715193915,0.32955928358946,-0.694133954452691,0.116378454179405,0.122204083704275,-0.000615204013021512,0.0985771501000343,-0.196687581048667,0.552849307600016,-0.0432600403875713,-0.506689987296121,-0.230572441560105,0.0907969899328839,-0.250831824293691,-0.16951164991763,0.13159807844151,1.98242517574226,0,0.153774109995413,0.62216836409757,0,0.205406082600506,0.509048525336276,0.664549549947566
"35","90037",1.02466058119203,0.860514908693344,1.82250358524724,0.770871744160645,0.709664958480927,0.373699175379097,0.127064121259284,0.315018400344135,0.475656149536175,0.896986809344048,1.00165971058058,1.31380236571406,0.410092904189664,0.206852400287584,0.0387564566286653,0.364557479697187,0.205301825131255,0.187226997532429,-0.0621953350742119,0,0,-0.0700809281393815,-0.220126481316277,0.280210912163383,0.261791646347121,0.0637983918380138,0.59004621717584
"36","90038",-0.323608560847814,0.312413507350262,-0.208831523973749,-0.067048362593441,0.00417803269071523,-0.680774478832525,0.0908022328637376,-0.0305248131939495,-0.106228834487767,0.450669269764255,-0.840679299474546,-1.07537346061341,0.192079410131461,0.0695227262772978,0.036615188959696,-0.0864580066604736,-0.037568419730433,-0.12807045774318,-0.148757802253654,0.958705144326076,0,0.0411429088175069,0.248976418774077,0,0.131672447371562,0.294628692804162,-0.408461137383052
"37","90039",0.55553431441538,0.458986973267872,0.530808100210018,-0.240345828157703,0.171198608933878,-0.0865026495819011,-0.0422621742138063,0.0745882015678879,-0.010468745904039,-0.24933847397409,-0.0818136971217378,-0.680976831694912,-0.0563156182312834,-0.141234458551419,-0.206108758383896,-0.168707528087143,-0.127507223744604,-0.589645319537586,0.131513915155408,0.493288709314699,0,-0.210620418472228,-0.0711874067726571,0.0542072555151625,-0.20909433820771,-0.127024703018128,-0.0404741314113438
"38","90040",0.0718177778220292,-0.416821355891263,-0.607225725111251,0.145441307042819,0.00652437621974916,-0.0896769158916013,-0.042855232372776,-0.0780248190829922,-0.223327294453858,-0.0578104070332522,0.151818267087439,0.0733743416308411,-0.0405571398502836,-0.142850937246101,-0.234605253408166,0.00604782733586042,-0.0917458375245136,-0.13606962596497,0.209526835669944,-0.454909214357579,0,-0.0339067771673743,-0.41388107351841,-0.488077062822323,0.0179079213631425,-0.0762766851667082,-0.248705551865586
"39","90041",-0.294921466654996,-0.218912468915769,0.0729369822250881,-0.190033238054191,-0.15352700586406,0.473030137555447,-0.0683791136673983,0.0126108143205047,0.018331763466925,-0.284996797080296,-0.616516318108488,-1.69864540098827,-0.137546368720033,-0.3081240120887,-0.491044690460727,-0.103908991525098,-0.0423815524947171,-0.10080601318708,-0.329624135832337,-0.69027861661129,-1.30527975903881,-0.266340999903525,-0.373928347550947,-0.609725493643287,0.148988217360459,0.174089725105123,0.0299962156725107
"40","90042",-0.36708805523958,-0.0452364892145209,1.8341395857913,0.0666232792220491,-0.00541437372723065,0.128810632210743,0.163111430065186,0.173057814115396,0.167205874252678,0.735906179041514,0.589751320400557,-0.722778869539847,0.674705493858994,0.817806930122609,0.545234905229154,0.393312338886044,0.363334738024587,0.43119936210869,-0.0580111830617725,1.42063492981948,3.04373514506237,0.107292295235275,0.210320153147105,0.497820520638287,-0.152866469431178,0.210228123721971,0.290613915851783
"41","90043",0.115947353044328,0.359038066129209,0,0.201277017278812,0.504942516408763,1.1136277790291,0.205904395103241,0.349085691067517,0.756395109084418,-0.781272341758012,0.200023577638083,1.03568700163044,-0.437317208046378,-0.283578978090754,0.155619503297396,0.103894428203178,0.029266764296589,0.284392849047932,1.07814401336001,0.622692015388746,0,0.511717942691135,-0.0861208014953787,0,0.40034452137585,0.489038548977216,0.284781534108744
"42","90044",-0.602434635135348,1.10508482863846,0,-0.506107539396815,-0.861150857366514,0.0677120265905294,-0.131998814535772,0.137413712665786,0.661554789566986,-1.2519200974007,-1.01785270471094,0.237218274522974,-0.868371336430705,-1.10278715394091,-0.980521215882705,-0.0345296974699207,-0.0249158411909248,0.17840375564283,-0.40688109308747,-4.36098939245258,0,0.0411780506836081,-1.27357048462971,-2.94330385727277,0.0123704554546307,-0.184216601405924,0.881398517648967
"43","90045",-0.748502416941731,-0.103737990347168,0,-0.382070816160279,-0.393916520909436,0.366262257923709,-0.370232739807769,-0.486950765127615,0.00808487833840365,-0.379165956358856,0.0713289739976892,0.977074946716139,-0.485574109226815,-0.136492934520155,-0.607917021926135,-0.295527319122128,-0.317763673258458,-0.683032909712587,-0.0101899267730232,0.508306965203229,0,0.0857505430522569,0.30504005744526,0.371998308170651,-0.0274733402255819,-0.0829202601287651,0.376823908586175
"44","90046",0.619221289412144,1.1803902930026,2.24465476327791,0.0230205344651102,-0.514995434539093,-0.539423193646845,0.267432674602543,0.0936255599306217,0.50767878153311,-0.125046356082383,0.0483416494442846,-0.0122697678772898,-0.0260779126340642,-0.230569997011287,0.439722813155425,0.0229442828323344,-0.144030534256126,0.0178548153254118,-0.51161557405119,-1.59985558776331,0,-0.564027801749822,-1.24268870663616,0,-0.437374135679894,-0.216914712969541,-0.37287453071279
"45","90047",-0.628725474189429,-0.464596331112105,0,-0.725073100530376,-0.874707477542315,0.0213353410651243,-0.253348799112751,-0.831169923253564,-0.0837501890186073,-0.899751464768078,-0.702277085704349,-0.96827422052816,-0.677616867133246,-0.455397436577212,-0.753983021615686,-0.301728349941228,-0.133961353079999,-0.374798168869811,0.492684547568889,-1.62596057312223,0,0.130849359596254,-0.881956490239256,-0.079585448886664,-0.0829059416898211,0.200635362965407,0.375267909320434
"46","90048",0.166217307791348,0.168834351175123,2.30560748154176,0.106284177127949,0.212597984253152,0.0370374931520661,0.0472571604959673,0.163428107351924,0.16286686110301,-0.150564621747733,-0.162216973918519,-0.473642585681348,0.0207958029741673,0.240271427756284,0.765234124634746,0.209722891647009,0.171903680886217,0.339504326414593,-0.387238566635007,-0.928520079027582,0,-0.216544551706665,-0.0884369991175649,0,0.039577369066615,0.271983923242669,-0.157999548654219
"47","90049",-0.45391430165156,-0.665085293973518,-1.37184631658111,-0.133445590093442,-0.25738863796951,-0.765425384945357,-0.160854588082058,-0.302506564352502,-0.526639778304126,-0.258227990647969,0.100788498607991,3.15362491282364,-0.302409152360088,0.00899539569751749,0.223745603939462,-0.0484140654708976,-0.0378429659277437,-0.150994162594099,0.521768189693343,-0.14678582750987,0,0.428995052362142,-0.358133720991068,0,0.0752155724440266,0.183833213469912,0.354543743253779
"48","90056",-0.125172630718776,0.502089530651741,0,-0.113835953642292,-0.171563916770957,-0.191856809767099,-0.0368815602712058,-0.158174478945619,-0.0548539061813375,-0.155175434539264,-0.306766698390336,0.110248324490962,-0.145815847894339,-0.127881922120304,0.116239110102473,-0.033777890111139,0.0676087146993768,0.187588816825216,0.622879265503231,0.719658358759368,0,0.246080627516335,0.326062482013035,0,0.293649023856642,0.249521186798649,0.193172513754243
"49","90057",-0.0795097843256832,0.889063635379062,1.42995095923908,-0.250756432557955,-0.0166411697850287,-0.071674501256985,0.0390778546637647,0.196566466718718,0.588435719976968,0.401793438466653,-0.158136177543851,1.33090699799423,-0.0619987107241221,0.164108904966829,0.516307251680825,0.0514674926729076,0.211061500900456,0.490338153143506,1.26762846206092,0,0,0.319443020538244,-1.56455820431678,-2.87317336797069,0.00150187970945267,-0.946846699127228,-0.707735095071093
"50","90058",-0.156451113262067,-0.185307035752334,-0.207082384570509,-0.00428088117646586,-0.0256486120172773,-0.0976730852669452,-0.00491597301462265,0.0361396641026331,-0.0993040113023078,-0.111707796574011,-0.0190562417599697,0.0383570785535786,-0.0360401704104747,-0.111303040957119,-0.0671999429814154,-0.0491076978507088,-0.102313316130412,-0.109447047027045,-0.14379144521329,-0.103821555781249,-0.129978084793841,-0.102042856002206,-0.158207262148144,-0.175586286270516,-0.0942268509327725,-0.0641734442367235,-0.18607658246526
"51","90059",0.451173373174698,1.33695368930201,0,0.189662727011576,0.110050438131481,-0.0627483695783451,-0.083671410151488,0.0721876385486794,-0.0320390289340553,-0.223094441317025,-0.154400555955432,-0.441849140095052,-0.283978627606261,-0.664380534080991,-0.652997613765725,0.0608809027292999,-0.0720247501158307,-0.318559788858513,-0.207334014611162,0,0,-0.373492998478056,-0.517851481790709,-2.27616699347106,-0.348978844356479,-0.329580397187406,0.612634889315341
"52","90061",0.146529828008423,1.15354056265819,0,-0.106997149038833,-0.0363529704150906,-0.18805825169023,-0.202505172708652,0.0177350858749056,-0.197060925193714,-0.446650401095549,0.14492908724995,0.821721720384208,0.0160012179137902,0.153117236675429,0.366577072995715,-0.0990441167226073,0.135125307632812,0.356802562565809,0.0746528443562455,-0.0822382346390597,0,0.289173235195417,1.76693273036367,0,0.388014419833564,-0.106703425787982,1.87857315091856
"53","90062",0.116406967099267,-0.305308932713476,0.00628353262202967,0.184649421825803,-0.0745567124535402,0.542061319097262,0.234532391462801,0.429294870868141,0.380323767250839,0.73246825149755,1.14002228415164,1.60448104843851,0.423074325668749,0.241301091253642,0.574089692824098,0.216453978312307,0.192671208244832,0.420690326195879,0.527552399928238,0,0,0.110838979185399,-0.472742647567839,-2.74145713050316,0.181840964722797,0.0858243990675439,0.777567464854353
"54","90063",-0.066214091971602,0.443803214665305,-0.321103862732086,-0.113744329550654,0.0128474094037609,-0.109924173852073,0.0723605923379769,0.254052628520635,0.265908170294855,-0.330852584079461,-0.32256600135261,0.148199825116541,-0.144655942865096,-0.346550232300278,-0.0940484120728085,0.00171438542798065,-0.165451684616956,-0.364354985401092,-0.3247756976138,-1.48660269927867,-2.7477662454741,-0.309325663765139,-0.519051668263878,-0.91446983662908,0.138688832430063,-0.405893388808641,-0.587681875137054
"55","90064",-0.280602157559425,-0.341966853988978,-0.681052602888785,-0.0387604360118043,0.158378232307065,-0.146718484622218,-0.147616165886597,-0.139093159290195,-0.199504984219541,-0.383758104165058,0.00393363196609172,-0.336966325828108,-0.364501990818183,-0.259321456663833,-0.729133599236432,-0.199273443006655,-0.195967664333107,-0.306087341820871,0.366935108990746,1.75176864791011,1.42433488048513,0.293037227902499,1.15039817347072,1.61688517617289,0.148668920976125,0.172396872568857,0.0965098833147955
"56","90065",0.137387376502567,0.629344454189623,0.977120221819769,0.0696729047390909,0.142245339799559,-0.162853717413533,0.154296438095357,0.207378685053092,0.511660068654177,0.466965603248499,0.995076135514532,0.237646857992167,0.0254367948048037,0.184876462703702,-0.0379170814392722,0.0596387227399569,0.0742516989307843,0.0976785048277744,0.316519386821605,0.231212956386958,-0.0803755838993185,0.50686248554163,-0.073341379033558,-0.296927358382715,0.296430064794414,0.300888266204036,0.0168444898928012
"57","90066",0.212978714637451,-0.641907095144753,-0.304690598742519,-0.0386066415497737,-0.445248038846075,0.0605568928727874,0.0118879754520568,-0.192522044001896,-0.534413946988184,-0.980974601305429,-0.657794313092871,-0.0559864775489594,-0.347423058752311,-0.506095935428155,-0.498942641205797,-0.176647008562009,-0.26643397116241,-0.279092323088191,-0.0149227902671604,-0.539269995658744,-3.05424978877274,0.225509660601138,0.564175351874664,-0.807335028676705,0.124611288481393,-0.183383791868715,-0.631816683352031
"58","90067",0.0921785071773863,0.203085444796077,0.39118917458507,0.0278684357010028,-0.0675443164048923,-0.117360162884369,0.0365218940600766,0.0903072094097107,-0.00868968401727897,-0.218504407708776,-0.344730392320788,-0.394416643947576,-0.00655201187600806,-0.0457416799999363,-0.0318511376761026,-0.0740127049559194,-0.130663297682573,-0.116182734693644,0.0793418688077919,0.223433159407235,-0.389633191728448,0.0114072647513195,0.122725853126035,0.190992584391913,0.0317880797603761,-0.112430260123904,-0.0403739500125574
"59","90068",-0.277408296090567,0.104218920972646,-0.365370451817274,-0.100065322649216,-0.104975682837862,-0.622752708113211,0.030410417603514,0.0765510945059997,0.337539747515472,0.174365321153515,0.131422073596197,0.51090706910498,0.0778090696806413,0.173809427286408,0.0561269404362409,0.045231940780837,0.0559827982860796,0.0666684241598983,0.0742012298741726,0.0967736575690636,0,0.0825495899934004,-0.0667296705370183,0,0.0429589395599825,-0.0231660092779902,0.17727779638496
"60","90069",0.0588277953984789,0.280055396724895,1.09741581048887,-0.0080000376310425,-0.369637974177431,-0.184172757493254,-0.0682547435394086,-0.242003945515666,-0.328837366670584,-0.307045043820489,0.0237452555580002,0.202364128124642,-0.0560018028360641,-0.0802990031460215,-0.0563469905309826,-0.0259057486466798,-0.194820532686547,-0.20061638945903,-0.100159426844342,-1.43075774003557,0,-0.135772244836195,-0.67780940063472,0,0.0335788799140941,-0.160663366341813,-0.922028061798875
"61","90073",0.039106840716088,-0.0436198137451358,-0.0108209640517883,0.000765439790905296,0.0230743157887011,-0.0630536544420814,0.0129810772649994,0.0352827903186962,0.0155664465481622,-0.0256028153580192,-0.00842915049764429,-0.0133794775284966,0.00542001243253468,-0.0041189512934367,-0.0153809899490323,0.00800144406713993,0.0281590860891356,-0.0209070835039273,-0.00458633017951867,0.00507080219472012,-0.010872922614179,-0.0123669796527987,-0.016141439473922,-0.0196810314396487,-0.0206798702216041,-0.0181590797396236,-0.017635902523852
"62","90077",-0.220825391947473,-0.305763275924558,0.12791533806532,-0.00815355662493689,-0.0307630379429416,0.0953751685922604,-0.0842302021498387,-0.0106044797983256,0.0430969794407501,-0.0864500347793527,-0.0527854401144084,-0.384606645912319,-0.037145798039153,-0.080445534067508,-0.306467049252269,-0.0202125295071505,0.0571389985297102,0.0519721512437479,-0.140344731395928,-0.225671246001245,0,-0.181515917537939,0.045629067360475,0,-0.0696756119761336,0.0134364654535562,0.0995621104428439
"63","90089",0.0572961508431024,-0.018500820000097,-0.00784141510291842,0.0185157554070358,-0.0280811711540772,-0.030963871346402,0.00931063710082165,0.0176385585388416,-0.0222875435403458,-0.00606502576705241,0.00273912774834371,-0.0119100702297822,-0.00442346955927158,0.00753038663005031,-0.00566087388758238,-0.0114961306931584,-0.0077818752905449,-0.00688707352802072,0.0514001571472066,0,0,0.0388145634572507,-0.0243144315825628,-0.0554809661071911,0.058389855125044,0.0378578113524426,-0.0396697135428174
"64","90094",-0.0114380271708159,-0.0224957348662908,0,-0.030655612784306,-0.118980706767713,-0.10505030786221,-0.000637783042190894,0.020498309312506,0.0566037178219668,0.0129620984930737,0.032450627498494,0.229919073438253,0.0424477033669499,0.010734992674744,0.0803203108952334,0.0109401994615935,0.0401229075739468,-0.00813615272134017,-0.0860771114429275,0.00397872655315015,0,-0.0424065535048163,-0.0610606671830207,-0.0418670284778506,-0.0511390447869053,-0.0953577866233173,-0.0524160138298296
"65","90095",-0.0145059388727705,0.00447126045578946,0.0159014386072228,-0.00849763634267323,-0.0111631098486888,-0.014916580041083,-0.00393741457903487,-0.00679475743406191,-0.00698483469794095,-0.00430935325898946,0.0101288424746978,0.00286093202971149,-1.62027310761315e-06,0.0140416090505362,0.00409371304264442,-0.00788557314459002,-0.00190720256363514,-0.00254575444694933,0.00131429637055895,0.0103201748940905,0,-0.004976216798832,-0.00849307402610057,0,0.00282464480360278,-0.00867728618816497,-0.0104195352679527
"66","90201",1.33729466391859,0.304837840620758,0.635476973313506,0.533289416631321,0.27868124857198,1.20538897973401,0.0997816261947632,-0.0571322844110741,-0.16280700889285,-0.389984059793128,-0.337258508782695,-0.594472910942039,-0.202887599973753,-0.277047079638534,-0.792636495879152,-0.257412141019871,-0.435467918205639,-0.92588566790985,0.465227149281591,-1.20087617105946,0,0.36303159921124,-0.987262782200473,-0.773454898545889,-0.0935424796389537,-0.926868741888687,-1.52152073772908
"67","90210",0.0949293448485789,-0.11284997389104,1.36280542090955,0.202763837234688,0.00873279636707215,0.745306128733647,0.0721382926066843,-0.130688690131072,0.057763173492079,0.112353952615508,0.173983669685353,0.558434948038057,-0.236540231513323,-0.258349061477523,-0.118510702567923,-0.125786537761605,-0.364063809413352,-0.481266909423202,-0.0691029516656088,0.446244144358052,0,0.10585727563468,0.234315896504028,0,0.100421937090053,0.221180990066337,0.627773200621376
"68","90211",-0.17250342663449,-0.314290819581726,-0.388734774288496,-0.0842975803059478,-0.042865035061002,0.122222076463461,-0.18454411828876,-0.137178138341677,-0.11282305333527,0.202749244374695,0.298298642463742,0.402993758674565,-0.0344159893550119,-0.0122445714488003,-0.11879543581397,0.0206721813413788,0.000910866396808855,-0.0543400261443291,0.132064303951962,-0.602822597104578,0,-0.050840044963168,0.150198481516702,0,-0.0455760399162393,0.0842570980191886,0.271368454006658
"69","90212",-0.116259646611042,-0.331162797810505,0.377429063265967,-0.0385072983404324,0.0614720045918128,0.49264820429497,-0.0447758876420743,-0.052657274464242,0.262768867459905,-0.00120896345540647,0.568500986944095,0.573313420764744,0.253509521042461,0.408066465195155,0.793928079035763,0.121292436993666,0.257605200445076,0.415975632936626,0.0246621389672772,0.822843252935815,0.0296003530150868,-0.0103068015195511,0.172462474721805,0.749695680663533,0.0677133201565557,0.233281504085299,0.601868829064568
"70","90220",-0.712171434828194,0.459831982314976,0,-0.284935420765316,-0.344993665618782,0.354334139366243,-0.0387992177606639,0.134371638416329,0.671863480134531,0.287956598968134,0.866289049430392,1.08784132161141,-0.0350547340950527,0.532984354874944,0.552707520004106,-0.27067269169679,-0.138985456263557,-0.110620937202152,-0.0409365599873989,0,0,0.195993593253875,1.60471286438708,-2.57516833335764,-0.0274942103410162,0.213990064104466,-0.673527773451223
"71","90221",0.60470512777296,1.39285462838346,0,0.0984835950770226,0.650473137201947,0.0900055031945011,0.0974927754134249,0.262338127128302,-0.150041821976065,0.492052726104322,0.954052642279908,0.997654186075982,-0.0952197485354448,0.322478297314287,0.251594127816097,-0.0992714992864586,0.121955704880183,0.156468012725254,0.167055851063315,0,0,0.116609535460334,0.322514308858685,-1.53772209505929,0.417007228562873,0.84492815652654,0.653905394750059
"72","90222",0.00711278207962372,-0.6517439795739,0,0.115342063562034,0.0148397403697158,0.423408778419174,0.107886017659315,-0.04878985138967,-0.0384651763134448,0.503680736776972,0.229490659612651,0.591869065184353,0.423276912647739,-0.048381426797622,0.00872460793687187,0.232597170421154,0.0908627924740405,-0.0944858131739771,-0.0386771747622009,0,0,-0.131159740465191,0.710076036025156,1.93700768247095,-0.264989182272497,-0.365502332054984,-0.136037100242889
"73","90230",-0.0867714778634762,0.529003408620591,0,0.151371872729956,0.0790982470399807,0.541199851466792,-0.117041272835932,0.013630686336012,-0.197172760915497,-0.453984979122766,-0.118312311309892,-0.586213741456341,-0.157101421243244,0.133293846410753,0.16295722990465,-0.202667069268775,-0.0973463849800094,-0.0676434726230083,-0.0313035324642021,1.43987788566655,0,-0.146406260555894,0.174912266020448,1.32500772604163,-0.246394861203028,-0.265520494015967,-0.514348356207388
"74","90232",-0.0987494945488274,-0.273650749498329,0.227432040014399,-0.269905487387579,-0.536892579458104,-0.251055737915338,-0.195080969897296,-0.271773417640195,-0.261102519320684,-0.190291431527971,0.03056926239059,-0.228752897197118,-0.0445382857956762,0.0516960570544015,0.314431692976523,-0.101454200604699,-0.19419238167336,-0.159793621442565,-0.0531951682511579,0.279929521750682,0.167911973650825,-0.0211097956220645,-0.00308366759848062,0.190759504166658,0.179210529273883,-0.190845620334337,-0.114177722681098
"75","90240",-0.103951576286846,-0.121359153598264,-0.126428906431293,-0.12118166662793,-0.535745963846611,-0.47765251653053,-0.310351507613256,-0.463491306973273,-0.495678504059748,-0.417774615195574,-0.311484314587271,0.248736403905792,-0.386362839331568,-0.213962874034253,-0.177330412228555,-0.210583770076666,-0.246870629270589,-0.460741080793873,0.146130349562215,0.791159916002315,0.791253683721134,-0.00338646124546104,0.142544076628277,0.0506089546240441,0.0186934304645643,0.177087469451769,0.123922905841697
"76","90241",-0.244307731228111,-0.891874509154232,0.0149077443760009,-0.519969254958352,-0.668371896030593,-0.0918906495636438,-0.241679403080352,-0.497303083640436,-0.4337673584985,-0.39989573285389,-0.0265041965837853,0.972283200808725,1.71670585907414e-05,-0.198916105130763,0.109938805271367,0.0263780388240225,0.174753157519305,0.0148025210092881,-0.152145467233414,1.19203723965344,0,0.185743960875361,0.318044249712277,1.31873557476603,0.307764102646997,-0.00660018174250961,0.50559729811632
"77","90242",-0.866529824582832,-0.0140602039077481,0,-0.141292303160656,0.240364575092287,0.0369671973058882,-0.120402597408002,-0.290691830522636,-0.330876678253809,0.194235606967303,0.142931365649226,0.239189996560332,-0.0176408293098854,-0.029908902278113,0.0971740577576271,0.207446727753147,0.338875641877141,0.270532727585239,0.878197506470872,0,0,-0.00011462222380357,0.131478315485576,-0.36736647369021,-0.0871966008149279,-0.508976991402954,-1.13244545213071
"78","90245",-0.244916795103828,-0.38227183439148,0,-0.359270684727521,-0.193634276106703,-0.494464548987867,-0.1881268279563,-0.270864593816023,-0.231157217478671,-0.384689896097313,-0.340394848707893,-0.365307629469798,-0.126553157896582,-0.203628463250233,-0.0524658238819099,-0.124597057759387,-0.421618832443301,-0.285416822238365,0.0556885462067729,-0.602816182037198,0,-0.0733301180723348,-0.275111626804801,0,-0.165507459693949,0.00143405736595377,-0.688776469824831
"79","90247",0.0832251042377961,-0.563461437989433,0,-0.208852559318223,-0.476261742642042,0.0725323983051358,0.012658193642615,-0.238675819875326,0.109970253946651,-0.592397359797955,-0.893900428172483,-1.87084158648785,-0.178247703306783,-0.601126108300781,-1.24885604068522,-0.178921941936069,-0.160761615321167,-0.505098242401772,0.369377424656261,0.262895618983033,0,0.117913735953421,0.0451465207459249,0,0.258422319649612,-0.101826338547465,-0.304150947464301
"80","90248",-0.169510183432369,-0.89171037915474,0,-0.137651726822844,-0.350635978422545,-0.0670999393255115,0.0203126155432665,-0.094331172585231,-0.0170135032823996,-0.0870117624621365,0.163162483369518,0.09804526594733,-0.197045426613935,-0.0594281164329613,-0.0603734462729953,-0.0945147605451257,-0.050210404526563,0.0219290043763377,0.461313530430411,0.251733689531135,0,0.289773424746349,0.43331135145125,0,0.042208071218301,-0.0509618719051997,-0.414217025130064
"81","90249",0.0504350859826129,0.61045484886437,0,0.15112283683415,0.571460322297849,0.0216794580795096,0.0421345284005737,-0.00946949038043837,0.285723790217069,-0.113220133749704,-0.291385920103103,0.880965470927503,-0.124500383166135,-0.0630541348478017,0.483475937538398,-0.0426455718570454,-0.129243466059388,0.184552158453678,-0.0322882329342484,-1.91048879793206,0,0.0385453102761839,-1.96010662728393,0,-0.00303779989003468,-0.146228068610543,-0.313699212772439
"82","90250",0.969735288512739,1.46275587747409,0,0.928457159556568,1.05033630533159,0.0619797476189448,0.524283950326624,0.51030784477286,0.020459599214747,0.513685674058278,0.536866386747106,-0.308594612566476,0.279551479411977,0.0684497227266584,-0.238155834076123,-0.126065445547274,-0.389477447771424,-0.269339105599193,0.0841196707099877,-1.38140463199312,0,0.404801861015021,-1.5093810276022,0,0.163339089438851,-0.209004394977303,-0.877011962078259
"83","90254",0.0490649157510258,-0.204244621859313,0,0.0968933724271773,-0.162732899756696,-0.191825442193433,0.0983970781794467,-0.0120921548358088,-0.237211666198817,-0.133624730078978,0.0409121473220712,-0.548550518414909,-0.204539916172171,-0.153493948456246,-0.544166379563244,-0.138647990690905,-0.188799014278195,-0.0869141773076836,0.155911711445418,-0.673321648068606,0,0.0788316434088965,-0.47532091558557,0,0.0761908046070399,0.0351919754284409,-0.449923049060383
"84","90255",0.781127670692239,0.745857754328517,2.05526946338063,0.00211270336820166,0.0698937381579747,-0.252773478326037,-0.13540594174269,-0.166343340689136,-0.323989955852408,-0.109243942663346,-0.763834615570862,-1.02928712112588,-0.0724871937688951,-0.548117689141877,-0.765138371188908,0.0449963516473656,-0.148625184384818,0.0734923068663231,0.617108549137164,1.27583672332259,1.0539004173152,0.0951174108152144,0.0220590040443219,0.114795745657225,-0.158367001484123,0.0371833065576274,0.765177350274763
"85","90260",0.51449732165198,-0.34034145995341,0,0.220844768696401,-0.21716812506067,-0.929475259764492,0.405320009816208,0.151081480669172,0.102034195855634,0.385299084874164,-0.238832068090464,-0.0468341162902016,0.477987260547613,-0.0948837568454271,0.0750705582301928,-0.00119487019270751,-0.169142233564495,-0.0443309071191409,-0.113416137802062,0.781297334994553,0,0.0309929112241921,0.721955947762018,0,-0.0914158887912488,0.71308548710479,-0.155919583816032
"86","90262",0.68456031380446,-0.462253300789775,0,0.274309246537275,0.358850741310076,-0.0377816151882682,0.0426024767389426,-0.457652874445898,-0.568888405372493,-0.0190765878255938,-0.00756306985863839,-0.661931240215345,0.0711609814295288,-0.277690102314655,-0.224101790098992,0.115355114561752,-0.133866130428401,-0.319293446175173,0.602199976339971,0,0,0.281390102258961,0.625949038861968,-1.41273342089794,0.396472791031758,-0.101220618835201,-0.9564777823391
"87","90265",0.0120763311856257,-0.505530173225158,0,-0.230820593862984,-0.112937580888452,-0.426512284513151,-0.100652786317809,-0.0493501383917163,-0.150911152370807,0.0681068951435532,-0.125788239726993,-0.104894700300201,0.126915131886662,0.0987503759434991,-0.0918647271410667,0.0692178470324933,0.0127392321087178,-0.0219169878157525,-0.129135798102619,0.0983086102705273,0.233664958831503,-0.0812441603557929,-0.162969401348942,-0.0607033432477537,-0.0397559170779499,-0.218578281290311,-0.234120359898699
"88","90266",0.203477508846774,-0.137087215659685,0,-0.0693302891493473,0.595054093556818,-0.0310010591561722,0.128262472337978,0.351184892029652,0.642885659903779,0.0126372166618357,0.357435589935326,0.0981611683647238,0.216057331025559,0.391815740934252,0.523349863163137,0.14531682277369,0.183952660403856,0.12418216461368,-0.128971087565167,-0.813440682362079,0,-0.135284098837901,-0.570632041674697,0,-0.131873706839224,-0.386638518686393,-0.462761968816529
"89","90270",0.0634397452063485,0.22432686005475,0.0250392646041872,-0.191307202809711,-0.413492396012079,-0.57044431352386,-0.0842294237167259,-0.0547432115072823,-0.11746797169535,-0.0513386750556846,0.355317358462883,0.1474988935137,0.066800705355258,0.388796713539385,0.444740400405853,0.136924530853876,0.386773007305053,0.550740215150715,-0.179059309187354,-1.81324568894243,-1.86963367814421,-0.261601282162631,-0.300796903597942,-0.535327480717073,-0.132257081319762,-0.116681326820437,-0.524502161901525
"90","90272",-0.030621563868174,0.0246658429959538,0.0853330954422202,0.000270739893711742,0.0181561736354325,0.212879517934408,-0.0807022300634631,0.0266659530230825,-0.00907991338794009,0.225273490727467,-0.221275548261967,-0.0659675843077031,0.0093479264887203,-0.0429430306491461,0.022069484358917,-0.000867290402251934,0.016607415222122,0.132564665722149,-0.101472752469423,-0.173051645032074,-0.127957631873866,0.00520846804592167,-0.120137841037337,-0.0841025230260372,0.0467977432902805,0.119925731174477,0.272136895087854
"91","90274",-0.184953270509106,0.377510166833401,0,-0.116158723026269,0.528415965762504,-0.0122981724808106,0.106319634536681,0.171638766007449,0.429880617328855,0.104860595666689,-0.569826133188049,-0.0893286703321121,0.0156454004500499,-0.313203189452163,-0.302133656967995,-0.0196279203515073,-0.147693136306009,-0.101699210628279,0.32829507076768,0.459013036574506,0,0.0405720611960428,0.160301282160192,0.601507671616081,-0.00166304732139819,-0.225944497290382,0.531925936256515
"92","90275",-0.291574227280022,-0.0721391509899617,1.95743125171916,-0.0165808886789715,0.129250785387429,0.556141927670128,0.0692700700410528,0.122220356790223,0.381424133482725,0.127031213582928,0.0962749461746381,0.401562022380255,-0.00774205916236435,0.227050495838923,0.143380432914249,0.0384074786745218,-0.0361383180060595,-0.0897182759085264,0.463686043924882,-0.0267913117882396,2.7837657986861,0.473719819778346,-0.0914690086231267,2.74989639497837,0.224183646933113,0.56719608464665,0.520585907984888
"93","90277",0.155782390106774,-0.247463694287169,0,0.217396938471261,0.356817410735316,0.00537055616658077,0.273893249841112,0.197806971860774,0.190563651170985,0.3959856329869,-0.0194535147112274,0.519531582379492,0.145329662516815,0.0536099990703925,0.640816183341094,0.143738649844319,-0.0795898466412926,0.0717620944503196,-0.381697213609666,1.03193660128666,0,-0.538390428823109,-0.654779867995611,0,-0.398876010798235,-0.623087654572558,-0.102668220636602
"94","90278",-0.0168103304260103,0.472767130604847,0,0.395536688103227,-0.0132812643494947,0.208763112036326,0.313999280078731,0.393755199784764,0.385351566085508,0.599792654996825,0.205439675914751,0.230783295599886,0.367852694246045,0.525178790762024,-0.0192957231689921,0.257043854933769,0.251293189365509,-0.161436579319205,-0.217700576182713,-0.974409616738466,0,-0.102042144852619,-0.145150910777729,-0.778898627815957,-0.0664265575806447,-0.496945697915714,-0.404358244761574
"95","90280",-0.249269089871999,-1.13763927578821,-2.72557004812456,-0.582430919140719,-0.424520588220983,-0.671884500313709,-0.47657198713161,-0.266652666897,-0.629642830329652,-0.176715924918386,-0.498623540004224,-1.06992160301323,0.0221607962980743,0.300195935665972,-0.203709553300134,-0.401147424424231,-0.262954602238342,-0.334944981837371,0.300126276991382,0.508872371139192,1.94834010230256,-0.108939856316939,0.408466978944418,-0.860781297571973,0.111266995773137,0.0827866728930581,-0.0169482919301504
"96","90290",0.00427626792377398,0.0854825666981799,-0.186543395254012,0.136571282825712,0.152639356041769,-0.0333128928316592,-0.00933487261347735,0.0149534389633965,0.0648387084769762,0.0337964017804727,-0.0129425484088593,0.188986699457239,0.0573073506387452,-0.0316321787785111,-0.0975180124703423,-0.0164263205910892,0.00231845705925888,-0.030843638322732,0.167436372787901,-0.115697776751025,0,0.0906881480273395,0.0351758168069154,-0.181922715661104,0.0373039458597395,-0.0196750972568082,-0.094734638184452
"97","90291",0.315354657171118,0.66811661748111,0.877967749367153,-0.172465700941516,-0.0167928935505827,0.0135447413512362,-0.154439396439779,0.00294357747627739,0.0136205963732689,-0.015364529151647,-0.42287460209917,-0.668973328648555,-0.0350510006303953,0.292643272657629,0.367663897189704,-0.0142506336734515,0.0665800269747113,0.271427803478717,-0.150079075866304,-0.284204930300326,-1.12561667167483,-0.132397161268642,-0.0598412810862363,-0.138231576253765,0.0558916902064475,0.0948498138853515,0.118616977493137
"98","90292",0.261614937589134,0.078488686357121,1.85931321665578,-0.0243029548836898,-0.0356467435397414,0.0849244333956233,-0.00182513140912813,0.0398105676053571,0.147264395627194,0.18986234410087,-0.156345709779305,-0.437607582209815,0.0433528683296459,0.0981030916624309,-0.33753607975366,-0.03006066009439,0.0552314887901977,0.110913424606576,-0.00898303284355766,-0.372960095088497,-0.828107186933608,-0.0766220949187837,-0.100573630497509,-0.0023427767059053,-0.064473780643286,-0.0604302842112423,0.00355057934585177
"99","90293",-0.0802104504821955,-0.0715421989353943,-0.567456745855153,-0.0445122525641793,-0.00761581962152296,0.180510766154723,0.0127538991669123,0.047504826420067,0.0906852379867834,-0.0904130530065767,-0.0718740915772599,-0.467554287639491,-0.0475866119218756,-0.0177940993117279,0.0319494292235759,-0.0663301125555772,-0.0241603793880163,0.0436843280674082,-0.0173437149794817,-0.240986145700157,-0.307627961573392,-0.0915440763443102,-0.222868884854668,-0.28604994503213,-0.0879911635646274,-0.029824193715992,-0.11272375791892
"100","90301",0.34726914299672,-0.424486167417061,0,0.211238271277237,0.392700505276072,0.343666109228256,-0.0189569462583819,0.49739993512895,0.536962792172836,0.128504511278075,0.08024379111773,-0.66779761161647,0.102499053218163,0.229833159517378,0.0924938275738273,0.00275489770133503,0.158877248985256,0.153402990030899,-0.240528681451426,0.0207856432975282,0,-0.298552219638237,-0.227086490098894,0,-0.19084509275326,0.116455862875124,-0.5732186021462
"101","90302",0.194661339429133,0.0748589636634133,0,-0.0304984580690386,-0.00827414952271241,-0.511299615179965,-0.0296826381232977,0.0804854599997072,-0.0349133570885779,0.39693463621806,0.0759645336696229,-0.336995504784017,0.306333954994931,0.162996908594432,0.071129680292251,0.0164573291776629,-0.15529788722211,-0.132479644420877,0.265420336276151,-0.395035688949481,0,0.103736437586935,-0.732007154138895,0,-0.0577727223551229,-0.0477283310726376,-0.377255987411864
"102","90303",-0.269231109956765,-0.124611431401808,0,-0.180539733446546,-0.0662804901891582,0.470789120540099,-0.105592727896138,-0.173341734271427,0.114525918485227,0.0074764807663077,0.0610509589574261,0.272320383017677,-0.119678459770276,0.0458864429969241,-0.150543228369458,0.0396403061071355,-0.0944829257214018,-0.0102738867258895,-0.0583166128272729,-0.329261318005804,0,-0.281518965973248,-0.378298443052989,0,-0.333751121648942,-0.1825386034235,-0.361634772394468
"103","90304",-0.103888253210005,-0.117920571891496,0,-0.282125926543244,-0.312967916827204,-0.789890815000975,-0.128750917082523,-0.206202671756227,-0.146770286187074,-0.315068492221631,-0.735433760642239,-0.818206727402428,-0.372407733063501,-0.659415871745949,-0.705276476485708,-0.242197847101362,-0.317211711767902,-0.299061807814767,-0.388137504139166,0.169865736812158,0,-0.20971984488428,0.123473936555603,0,-0.228809174539532,-0.00714102413515874,-0.187864339698721
"104","90305",0.474179840628779,-0.219016865025714,0,-0.0201243807812573,-0.0639815819675923,-0.650281658698604,-0.018357692313077,-0.0890937005522258,-0.311580772190344,-0.147167658023339,-0.172376358721582,-0.183329221484143,0.120394410615243,-0.0218283055263111,0.0815750588629862,0.150702844893706,0.0280293947170085,0.072996438691539,0.263220857943706,0.203397644909027,0,-0.0844936218143029,-0.0101557493030772,0,-0.0633627838903518,0.080022773771715,-0.391514776493655
"105","90401",-0.0294784177209432,0.159563761034105,-0.00784299916565252,-0.100171342826062,-0.0466012127240975,0.080150967749241,-0.0604232695257963,-0.0786326040275162,-0.0960987255740332,0.164841962422465,0.129950953265599,0.284854184989658,0.00701955175293425,-0.0999567143617722,-0.0393685561997233,0.0567887704666706,0.117059577195357,-0.023263201942662,0.00891068065677693,-0.013961868750728,0.719377970739632,-0.0669810290256683,-0.0742590994181045,-0.0238445174826718,0.0217016375713272,0.0651594627438181,0.183652023058484
"106","90402",0.0152303903466947,0.134261559252204,-0.323648469144615,-0.168866465301159,-0.101841698128947,-0.0199485235956526,-0.124093252895756,-0.127935994405213,-0.325777925705346,0.0542831155873279,-0.36445347542945,-0.315679211796945,-0.0176926980524368,-0.135296570700335,-0.0728233020408772,-0.0894749523775427,-0.0590406524899732,-0.173069189985701,0.362081280688277,0.439453881682229,0.259104563123318,0.118085534287325,0.382422385232063,0.196306333472818,-0.0131673584291548,0.119783434077168,0.0460191698170206
"107","90403",0.186856049017574,0.957168134899821,-0.316075799245887,0.27622715282748,0.365285205754892,0.811550082733274,0.00889403888754245,-0.00821848432008348,0.272088767548708,0.170353747807041,0.21754279932644,0.437194252579786,0.277399788968635,0.29936555674943,0.637208978123126,0.00328780017561542,0.0144702208628239,0.0300047971324113,0.558639232214453,0.820700260339747,2.97582371672205,0.165749458683443,-0.108942613705618,-0.569254477268732,0.137871232456866,-0.269725722825929,-0.285304896906229
"108","90404",0.6414539821632,1.29656078191384,-0.781044429391362,0.356420283741479,0.428642370087459,0.251724822460011,-0.0578910326149242,0.0363346024344721,0.049449329712656,0.418599322123,0.0585858427995611,1.12314413868039,0.252611995512655,0.127631347507089,0.474267872247627,-0.014198243503389,-0.0270265496626355,-0.200406178578067,-0.182720457409408,0.620630482579913,-1.38094632968338,-0.132293824985929,-0.396274620198012,-0.262250441316031,-0.277821555053351,-0.41239738196224,-0.190081015791516
"109","90405",-0.17113191371471,-0.553961818933897,-0.521960792917405,-0.344310469042306,-0.327755721765084,-0.733927014024245,-0.241633377668791,-0.158382964586639,-0.183611756718407,-0.139604148814412,-0.0158324982977473,-0.228343841292268,0.0378146522312225,0.133484935225031,0.286814953635381,-0.00601308527482517,0.00875371873930574,0.253088985847881,-0.0658512951774147,0.00185086186316474,-0.144049621322449,0.00934833721820137,0.243553139607734,0.019987559367869,-0.0468623417169931,0.0847292383779034,-0.0313089258516662
"110","90501",-0.519173296065886,-0.607001317481054,0,-0.302296286077268,0.0980956281589441,-0.693532063902248,-0.305595668736285,-0.190157550962478,-0.322991388542419,-0.164409957314526,-0.646616989261572,-1.03462471670956,-0.194334885062097,-0.265478930080474,-0.307838362591699,0.0443231896709188,0.343486284882052,0.346763922382391,0.00092672055968426,0.578328931622146,0,-0.0220246446844247,-0.18028838502016,0,0.183140381815381,-0.114890655834663,-0.156215350351579
"111","90502",0.368072739450092,0.564091923572701,0,0.434964910877599,0.4436360182547,0.581141096481495,0.199917556434653,0.14085909603779,0.104415239443875,0.267584160208518,-0.0441695010701688,-0.100002510792276,0.20117507782004,0.106317507577626,0.0555155698961662,0.128347513490936,0.25087959327871,0.141677462851543,0.205466062589814,-1.29967877454721,0,-0.0361301686293023,-0.308387630545043,0,-0.0496221667311259,-0.0183512486843832,0.618314474186947
"112","90503",-0.221262922370598,-0.38268743920436,0,-0.0542868260998694,-0.196982295345989,-0.0939839062759402,-0.0109960593524252,-0.214187517970437,-0.170859579334245,-0.0431341792633683,-0.692509386912888,0.161622448471645,-0.385094165964722,-0.682490994011663,-0.476936844456696,-0.139397751250364,-0.251601266468567,-0.233561316027047,-0.0980188293706729,-2.53434233655088,0,-0.0271142502870777,-0.0366059058131364,1.77329453876097,-0.125246145181955,-0.0489278233895679,0.519229372028335
"113","90504",0.164149432864146,-0.716232090324909,0,0.540464098176404,0.102914212676136,0.432003714790495,0.477052606345083,0.195754360852654,0.223039974190057,0.458077060647705,0.591213398249015,-0.0103996970809225,0.143947903404059,0.115780775774664,0.193628741708592,0.0370106192443355,-0.0353416311996687,-0.0807625439352731,0.477112640614914,0.63123487480287,0,0.0886008162228504,-0.300278188746964,0.0901065346651515,-0.0913347636633284,-0.388204158203979,-0.159683391529033
"114","90505",-0.120039569279225,-0.596165421959733,-1.1747849190986,0.117754822271828,0.220828030161004,-0.455603667258284,0.0426957227714532,0.141589888364062,-0.388368359508384,-0.218107528860261,-0.18362476503843,-2.35772879279949,0.208957165040225,0.58939226182174,-0.220890525330003,-0.0623555020520467,0.190522289023337,-0.111779447772119,-0.407576608655568,0.199098671439347,0.151649056656183,-0.272853270722536,0.055142127109506,0.659917616151655,-0.330762101256142,-0.435154935616504,-0.480424462951113
"115","90601",0.0911495874494861,0.364564107805879,0.65327354578428,-0.126848136296103,0.245238115216997,0.311513202611201,0.102879951562221,0.128070308585191,0.365518812772738,-0.0938169052301677,-0.152004761626935,0.377880390754638,-0.211839121842936,-0.411201329072811,-0.00271012977956638,-0.111476189273317,-0.317952580276803,-0.129467449459086,-0.520691309580217,-0.44137831818167,-0.669281620807294,-0.0637131095853496,0.223800055171978,-0.823707014094164,-0.160565135429499,-0.144078090347474,-0.793451520517269
"116","90602",0.258011578625321,0.145789589556557,-0.0203826691634412,0.164801335320034,-0.0187184067333771,-0.254731620047282,0.0643950539849335,0.0999881534553521,-0.0793824998940217,-0.189897379808336,-0.981453997809339,-0.591891465727737,0.024703676981658,-0.294547689889081,-0.457132067094872,0.028367160982195,-0.110830383147457,-0.144270925646716,0.298777213208768,0.82778403436338,1.56806892384545,-0.00793106400341487,-0.0265295633169011,-0.418168372139942,0.0321966102874462,0.143472470098058,-0.685600221545154
"117","90603",0.0257230405627092,-0.241379022768902,0.134885437250702,-0.104006054073153,0.116089587227867,0.00284570883928665,0.0950672754679348,0.197440222085822,0.265857084671948,-0.230273171767319,-0.40195831592474,-1.25774506605202,0.0388980928391105,-0.0148418191392852,-0.193559382182216,0.176654507476034,0.136151922762947,0.226754491246835,-0.101834124814523,0.0117701164619472,0,-0.377850701582646,-0.184287757843992,-0.715517562853682,-0.208308810695292,-0.137569652811221,-0.0445252542231944
"118","90604",-0.0349769654820501,-0.331815359102614,0.235716645440726,0.184670580778842,0.487402980774991,0.0198934457500197,0.154333079252186,0.184433252200041,-0.0487332997910811,0.215814880637163,0.299527189435919,-0.389450587178144,0.22875479972238,0.0384949041902644,0.316316446648098,0.36921600768489,0.254378335841533,0.093911395789069,-0.0321914347169402,-0.796339807764186,0,0.112176433753401,-0.374850891931655,-0.793903313652967,-0.111583570940631,-0.30599520984523,-0.284342796463516
"119","90605",-0.525077489017524,-1.08534859066964,-0.107588172279342,-0.0988870908551566,-0.343759619095871,0.069146326593252,0.0584193999849936,-0.24349349142767,-0.385630961520014,-0.338029103896255,0.239887591703417,1.70639806909197,-0.368469973061508,-0.279264929355139,0.217259790363849,-0.142216749875514,-0.147659384198615,0.0289356486709851,0.405624550226896,1.79660251796037,2.57716386330486,0.190833727761003,0.547103544249286,0.216207905598055,-0.0125582660948654,0.172767523667257,0.422576030091818
"120","90606",0.0135384098684774,-0.2230701938442,-0.181203598214754,-0.0233627867069027,-0.446219986500262,-0.0438472096991836,-0.0649760547231992,-0.0557873960951825,-0.154457133695248,0.434290476319404,-0.118702001916792,-0.763680771997804,0.0816006629128352,0.131884374411876,0.143624496700033,-0.0158831817653498,-0.0574493570658887,-0.110399376950695,-0.27825627657821,-1.16455887841934,-1.91804894920506,-0.285146721311773,-0.522017356338115,-0.75234204677487,-0.0336124360671792,-0.283556089999896,-0.171945134887459
"121","90620",-0.469063150535005,-0.203678560151325,0,-0.327026259002173,-1.12389799482259,-0.88701327987704,0.324811234476562,0.0221886483230085,0.785552157176859,0.284751820708032,-0.65979975734694,0.135276424013939,0.265914539069339,-0.118663002978465,-0.472712748533736,0.158426564204125,-0.166649335708997,-0.278631312980317,0.0396117840289325,0,0,0.127023426567593,-0.0829423854496519,0,-0.163663468107577,-0.643156056647917,-1.22737699983463
"122","90621",0.162559889557698,-0.50057436190123,-1.47859816746967,0.1803479196869,0.4195322264624,0.63206456838001,0.0760105474683318,0.135604751167745,0.42423019701237,-0.127347288039946,0.173797799948996,0.213055195046501,-0.191129058031463,-0.0528001512917149,-0.190886878161038,-0.247673534861216,-0.0538682252093629,0.0176142847223153,0.0599617032179131,0.243777895943129,0,-0.277851437416095,0.15796976877539,0,-0.114951863954347,-0.034068952772428,-0.297591477493691
"123","90623",-0.0169832461263453,0.0161844875602391,0,-0.0788178677806861,0.0337922651393556,0.254183196680302,0.0660582640249904,0.133945003504121,0.303131954351543,0.00981363356894697,0.143483219929919,0.342633246574992,0.0388434205347925,0.0260760513077225,0.00387775983123909,-0.188815305380692,-0.200270582593889,-0.113675602277573,-0.163176625511592,0,0,-0.0559732419018799,-0.0409333829132945,0,-0.0459255626252653,0.120996199334308,0.415148172283547
"124","90630",0.100507027629581,-0.37553468139787,0,-0.423404280089576,-0.588574377091226,-0.224360718671122,-0.0835102012803962,-0.255829202056187,0.217207584391072,-0.0323317387257441,-0.107804280696688,-0.534423481626746,-0.236313737325083,-0.244595823361681,-0.0849730036876822,-0.0473386648497343,-0.143619445771531,-0.0289266868580198,-0.330523746668107,0,0,-0.406878852184665,-0.116897898454385,0,-0.266430062210787,-0.172795186499202,-0.525061148777612
"125","90631",-0.176167901398049,0.300186975143571,-0.232243060086429,0.0867778622489374,-0.148610478904905,-0.482908299500439,0.260966925816931,0.193304548328652,0.0729774316925845,-0.541392719677671,-0.871135697277572,-0.641632285902749,0.488247442355101,0.153902489514889,-0.0266157150736816,0.230523096583677,0.235452856709497,0.211386829685142,0.431341341839428,-1.25728731669855,0,0.263186582057997,0.0737860457948916,1.77597931486782,0.29531138472214,0.599798261243253,0.842333447783848
"126","90638",-0.240683303274875,-0.0150073376166924,0.112843005130943,-0.179623132841597,-0.135466557917095,-0.477995678916971,0.164700889420366,-0.128002431894908,-0.658328245104751,-0.010574207728744,-0.101090235030105,-1.08238604341259,-0.117655030776958,-0.210993145644946,-0.201457694741491,-0.153478449724867,-0.308081990379027,-0.278676734897512,0.531637182541423,2.29831946605908,0,0.105797707982493,0.334020670206461,-0.465186042743256,-0.241814878581288,-0.259710066451751,-0.64327836407325
"127","90640",-0.926659002716818,-1.15548108411497,-1.50378558958712,-0.413232393937753,-0.632787016759429,-1.14433433982962,-0.246838039214085,-0.661866388130305,-1.16039533367703,-0.795134089534674,-0.323184795692975,1.33081139490022,0.0461301986647602,0.023791332476822,0.0637408919514981,-0.14187505628823,-0.144856878007523,-0.0639805523348395,0.749768873642061,1.4103334331801,0.354935169723446,0.204311678713384,1.34764309724577,1.79572282754086,-0.132274649271657,0.377698874537867,0.769500164492909
"128","90650",-0.686734027406197,0.58632672435661,-3.48069882717006,-0.377268537389623,0.10094175067379,0.341977909574364,-0.36406744388594,0.213326265460614,0.289428182286706,-0.446050290938469,-0.126514540937708,0.0669313272958986,-0.510885370233659,-0.510285833169997,-1.33200424747255,-0.209474185584317,0.0556516807492615,0.243637137015344,-0.396717469480944,0,0,-0.311664090386846,0.13589102603924,-2.57291606195314,0.0279298940746345,0.481828729309284,-2.1967161888441
"129","90660",-0.093065499313083,0.00236950687064669,0.495007308170973,-0.0683097608318283,-0.470136471287401,-0.00721074163655746,-0.0419077704919723,-0.0217119877776852,-0.360989612124052,-0.861099208542696,0.0942966905330702,-1.25412938512682,-0.154495154688629,-0.161832717627181,0.539512818585311,0.236944529975217,-0.00159756878028638,0.300441022024284,-0.683027164963785,0.619594170014042,0.140537836307961,-0.660663195770253,-0.134318024314491,-0.0152634783127936,-0.115395588083229,-0.400936975454736,-0.208356646176832
"130","90670",-0.0484628114596952,-0.0943542248608371,0.565928412648844,0.021552588978975,0.0318664717669114,0.73975075517586,0.0993199191131063,0.0644306348861372,0.555414116982915,-0.0748901616928056,-0.423282891370007,-0.674262044863906,0.00167140703826154,0.0721760497443052,0.138354424846705,0.13374970183497,0.00596560424552266,-0.127775226434338,0.0419496105591328,0.20970253040461,-0.188306597833893,-0.0178907533425724,-0.323272849733155,-0.480491638557616,-0.106387332511216,-0.327453878918892,-0.375935183843128
"131","90680",-0.337873078055228,-0.717555088365984,0.498570596046933,0.162739036835536,-0.00209547879546143,-0.0661965973893174,0.262452570036924,0.109249898385262,-0.229378344908598,0.0412330240017131,-0.38414650001948,-0.225813634330668,-0.107712029004911,-0.0251093071828412,-0.130074696361047,-0.0362052233029867,-0.00905915610927406,-0.171692836579713,-0.508914447662802,-0.337336604919857,0,-0.543822332347975,-0.752916620844983,0,-0.109794902526007,-0.408269310611219,-0.745803582043174
"132","90701",0.364971098248415,0.391772854135816,0,0.0429718397622671,0.217469351727149,-0.990414417483677,-0.0409991743156577,0.218097913799453,-0.0319419506377842,-0.28167213765719,-0.433280351035338,-0.137452744984175,-0.143034529189956,-0.166503027303226,0.0947540341220486,-0.0746258919743887,-0.114960241680525,-0.221166088796356,-0.240072457590199,0,0,-0.201495773593224,-0.146785483010154,0,-0.122296435303199,-0.0855797184804225,0
"133","90703",-0.144746022421676,-0.386228339880971,0,-0.0580663741617508,-0.256904030756841,-1.2113263241566,0.0964845172372847,0.068638333307448,-0.15766259081271,-0.199541272435286,-0.212235547127134,0.261556204420365,0.239205572645704,0.19498162701828,0.252126219325227,0.0470217197621546,0.149095580966129,0.0983617004025113,0.00522552492637088,0,0,-0.645592407954443,-1.91827693537699,0,-0.422674442414246,-0.796914272254784,0
"134","90704",-0.0652760186153711,0.206751949173117,-0.302897610233902,-0.0667470179397145,-0.021754781764055,0.0503722701408306,0.00697937680482231,0.050650635032473,0.108682008536484,0.00770541522337739,0.0829900839244618,-0.0553879050235466,0.0262248015281151,0.040211482832828,0.0387253878377419,0.0427729107643276,0.0316283061919458,-0.00177172332036378,-0.00262578521851389,-0.0396043791318742,0,-0.00583405630130027,0.187744225288647,0,-0.00244956120974595,0.0392045796704301,-0.0851730887001077
"135","90706",-0.275231876887581,0.425968125383411,0,-0.566884236181328,-1.24311101853979,-0.949154317865659,0.0351447990502112,-0.263137307886806,-1.17164777487964,-0.586340426599294,-0.961534405455641,-0.83271185159929,0.106566163054095,-0.191385909297523,-0.606300348798894,-0.102841915899144,-0.35773687452604,-0.284340233543443,1.26434489780023,0,0,0.505199784689511,0.311033805301324,-3.42443081041204,0.340191200952219,0.125567513644016,-1.21643042999719
"136","90710",-0.116677452270548,-0.631713283907889,0,-0.145831661456585,-0.073446570803813,-0.576783969053677,0.0701827705363264,-0.0171470481424385,-0.163155628326893,0.122414104693925,-0.299209270607912,-0.954840481572905,0.285669496287645,0.190914502545552,-0.00668829733058064,0.184152686592637,0.0496397750907001,0.0927561875258452,0.135024571921796,-0.256590803502869,0,0.262939321773136,0.467305679184122,0,0.125614714355574,0.389402563347421,-0.331675584035734
"137","90712",0.0894221840057289,0.471865068822692,0,-0.0606446744833633,-0.192052359041796,0.213680408606584,-0.00794325930817889,0.0497203325796939,-0.0309789318995845,-0.227795098708925,-0.249798644422031,0.00713797713318544,-0.139395676671302,-0.0528951740585117,-0.0581763150487675,-0.152405236457653,-0.241060339323899,-0.187831866291448,0.438708197803637,0.744598858472322,0,0.227858567534337,0.239748095303145,0,0.144537431387216,-0.125086062403787,-0.422087502781125
"138","90713",0.421726814760598,1.07071702664956,0,0.287585914089526,0.411755157914093,-0.293887095224966,0.286768439726959,0.437256368138243,0.492034912351899,-0.387553689706873,-0.0961386426886597,0.386221358533875,-0.287771302187729,-0.0641842527208856,0.163502304281927,-0.0553224832668313,-0.0700198771337278,0.116658459886488,-0.34123482400708,0,0,-0.380654557928078,-0.121749725908407,0,-0.22723746739491,-0.175495171152852,0
"139","90715",-0.0354885403171314,0.125100143894799,0,0.0865702404732192,-0.19927580881405,-0.0639918395810257,-0.0182192684157307,-0.15593632451795,0.133726990912073,-0.114300926456008,0.0172917989981318,0.136855347908172,-0.0223519918286027,0.115099251383944,0.447348364729301,-0.144938205473046,-0.102440143045282,-0.00137215768982448,0.0207397298864744,0,0,0.149943306779392,-0.037219480465027,0,0.0561002254579821,0.256475335938778,0
"140","90716",-0.48443969800573,-0.774129535106536,0,-0.113177120261924,0.0920090552408752,-0.196853523327049,-0.0551516357757089,-0.0184083768281079,-0.4664147610522,-0.429611589500246,-0.428410696855194,-0.312480570790046,-0.0454898045006976,-0.0849455361875467,0.0106930831413938,0.0652505938293939,-0.126531794682749,-0.145900529223547,-0.287287049896425,0,0,-0.174038480185122,-0.526233451396265,0,-0.178268917827731,0.0400288574022928,0
"141","90717",0.394626071425553,0.220907011476115,-0.38004526610286,0.257143117597197,0.305497313150148,-0.302470379129745,0.182597600566984,0.257442201201503,0.0803601397925588,-0.270668311604745,-0.364597459694177,-0.960639895344469,-0.211248846108823,-0.00655278845512931,-0.189288019489095,-0.107897094331923,0.00288529787351707,-0.00885904847910114,0.0247135907549749,0.551670636287114,2.40167464483618,-0.0204497722345167,0.223510349294194,1.12177002424827,-0.214046943159875,0.0928911973678379,0.392742794159848
"142","90720",-0.119568946515526,-0.16805907366302,0,0.110538524977929,-0.304234190313025,-0.630781107595441,0.119541081533437,0.176603973414448,0.235879230998864,0.226258609924445,-0.0612888075774009,-0.285525437797597,0.22229748595583,-0.0787699633944861,-0.0533968231482366,0.10597004012305,0.00138423489610426,-0.0413877567685505,-0.282578879344423,1.05549496320279,0,-0.141162639316872,-0.231720239434356,0,0.0357433763025805,-0.144869357057685,0
"143","90723",-0.661773135918938,-0.798730749307875,0,-0.129259901638716,-0.150063816968879,0.350766680927333,0.059934490058261,-0.218410928627946,0.286982195024802,-0.951035717426957,-1.29683195156023,-1.26174849947086,-0.522175738373271,-0.652605283631671,-0.813003047570944,-0.359812233879229,-0.319760538802509,-0.224875083033226,0.057981015858702,0,0,0.112110453266643,1.05592771096405,-3.25674319610236,0.0955798308315779,0.565991213494857,-1.06155640430227
"144","90731",0.549311404959313,-0.021655186362749,0,0.0653675935335298,0.108003532382193,-0.724428346141036,0.0388365627853985,-0.0301151996732561,0.322514617177501,0.0606045956352269,-0.355492121998268,0.80818211698712,-0.127754049299018,-0.42146542313201,-0.456008569803953,-0.141355113857127,-0.222071712289183,-0.185950941208997,0.596043237357293,-0.220878084339018,0,0.208576080802966,0.716203328478849,2.95461281465248,0.437054995060818,0.366043141175877,0.925756652009889
"145","90732",0.127394269791073,-0.635168918319086,0,0.181620583932317,0.142448735302411,-0.0515100640378745,0.0230181136802031,-0.0140603782597869,-0.120952644685868,0.330476979062656,-0.0739222076455939,-0.313750478159284,0.121381003032007,0.196647746611189,0.109272714235651,0.00185457733849874,0.00407225395390148,0.0400463169430027,-0.0682485841467789,-0.116099822769351,0,0.0570535593700799,-0.303361843068101,-1.22871027044629,0.116626117776018,-0.445505117269756,-0.519434548851458
"146","90740",-0.451013944994533,0.759817244105994,0,-0.260805690666575,-0.537551828560436,-1.12305918597767,-0.282535638059657,-0.557829533785557,-0.388477849337846,-0.575043883958396,-0.675348081012323,-0.122217174627972,-0.079822694882896,-0.19911652801365,0.274015013008082,-0.222033967575668,-0.0576452759191155,0.126537373627309,-0.171274741423106,3.23949464731254,0,-0.272889078997664,0.816079828175289,0,-0.270503724979238,0.253230472308235,0
"147","90742",-0.0484156301451687,-0.026344943693528,0,0.0703347428884856,-0.00680598880528847,0.0793025309711698,0.0713675140682156,0.0339350863551403,0.00558638479107373,-0.0392291649333104,-0.0215398559486578,-0.0290246247997672,0.0356290712015942,0.0554072280492534,0.0271888149262046,-0.0055835581391445,-0.00436631015109477,-0.0226547152886301,-0.0258005446566312,0,0,-0.0179671376937937,-0.0482724816262402,0,-0.0124719932193877,-0.0422235285389079,0
"148","90743",-0.0170629888452624,0.00573387011770668,0,-0.0344724983005921,-0.0459733048270016,-0.0528525411571469,-0.0150479445278886,-0.0103851612902356,-0.0452168841886009,-0.0197995821449546,-0.0132843423803212,-0.023910490200615,0.00884321281603825,0.0370484221790337,0.0480985630060666,-0.0098081760443247,0.00451484847672866,0.0137334974093216,0.119392074990581,0,0,0.0431475306087307,-0.0103219413756789,0,0.0192203564576426,-0.022651208099287,0
"149","90744",0.0853871762111163,0.603577011235131,0,-0.0681628870032536,-0.0147987004168848,0.229369436369084,-0.117232810406197,-0.0668616964447022,-0.290366960411826,0.147272280434508,-0.138169052120533,1.01470994179197,-0.348917965188926,-0.200465020165746,-0.0858595013913183,-0.0704997573280801,-0.0860624226163089,-0.27392537608799,-0.0985545664850339,1.07943056711342,0,-0.0204562034413002,-0.36845648320988,0,-0.210245822582143,-0.308067330508012,-0.144678690551164
"150","90745",0.207687852772518,1.04293656626987,0,0.240520095199358,0.0599957249372633,-0.303697735242582,0.380434044036552,0.223620998194854,0.253619342777433,0.282897780993144,0.704303031679929,0.752664098361049,-0.292464362651847,0.565543505811851,-0.00360205473995157,-0.00409457863732128,0.0755939625971176,0.243173701716491,0.191136160940008,-0.480544181827961,0,0.0736212628232194,-0.0114669612803837,0,-0.11475123847623,-0.0908523552812273,0.317737960894958
"151","90746",-0.178958790085397,-0.64756868420979,0,0.151876735051698,0.127523843106633,0.263785709974665,-0.121134981641016,-0.172681284250303,-0.136722998624471,-0.223290275174322,-0.453818656042488,-0.309661410416553,-0.156445147201532,0.0907941528113165,0.768304756614603,-0.0137584560172213,0.0288757473024647,0.367124984346197,-0.184032107130973,0.775784722117486,0,0.0664882033949474,0.966620396709863,0,0.117719828587589,0.532362039745564,0.331570790400819
"152","90755",0.129402961829569,-0.152216848374183,0,0.0574369797317835,0.0653357486821947,-0.0302521155125939,0.108759229048879,-0.0436609408978346,-0.0897528591605994,-0.00936010733999976,-0.351065522464046,-0.278790552744598,-0.0146087515564547,-0.0786572193834065,-0.169783087585262,-0.0657897802578489,-0.118846479103825,-0.092967371992378,-0.310770915604276,-0.162512148160044,0,-0.119444660820172,-0.333153658345124,0,-0.0699728462960656,0.0573091358543526,0
"153","90802",-0.153139962206686,-0.73779143774732,0,0.142037137490991,-0.245280359173578,-0.570240817477343,0.0543009743583702,-0.316807575489351,-0.255286122431638,0.0293078712214059,-0.506814117845415,-0.146498304718914,-0.112443112774803,-0.0237959400494967,0.168206246295823,-0.236784881981477,-0.430385599906595,-0.152637878368792,0.13659382318819,1.09708855420473,0,0.0314816683199699,-0.439495555704275,0,-0.0767215349415649,0.160492183712975,0
"154","90803",-0.267927282922964,0.682315897441811,0,-0.0332197160218786,-0.0905614934585846,-0.161085778477461,-0.197034476774591,-0.19085514469152,-0.0481471771684975,0.213427958411236,0.206982535475536,0.567643576294965,0.177057310896135,0.139474788499132,0.450431837397101,0.0490235070872362,0.198976488192872,0.108392329165915,-0.457315107718331,-1.54787727876966,0,-0.132044207268613,-1.07170203900301,0,-0.0114934202991811,-0.483419102232636,0
"155","90804",-0.0199301719976826,0.985835771450373,0,0.176700985462717,0.372342658563688,-0.637101484371012,0.236561764088938,0.447880338181406,0.238835685096339,-0.0434840089083182,-0.221917700672292,-0.315874919749766,-0.275521466929284,-0.334251594096163,-0.200826515759317,0.137547638800999,0.0630817085261524,-0.215264005427103,0.0882927329923533,-0.584397859095439,0,0.0962107138124877,-0.816077965611145,0,-0.103819329184958,-0.300732684317902,0
"156","90805",0.350137380458866,-0.17123959547622,0,0.0432255632919973,-0.453635932267364,-1.55175615788669,0.0370265673911462,-0.56465780260453,-0.492959594930541,0.177071608729088,-0.230502210247938,0.164648121526497,0.0681010979523348,0.17913383326177,0.930312043382659,-0.134093659881741,-0.347254337061359,-0.202833942439687,0.416132290728863,0.61661058991708,0,-0.134088167482338,0.579283853233145,0,-0.165683272780514,-0.0569971592879265,0.61818363220188
"157","90806",-0.130036425241327,-1.26879137220302,0,0.102927751352059,0.115091534527118,0.320563880048396,-0.0489222680782313,0.251467515278213,0.387412541769583,-0.729848194875684,-0.966766645908466,-1.17865514885117,-0.000862651717408909,-0.0925526303294597,-0.277889930852522,0.18309407482089,0.210824472850561,0.190131754693762,0.0801411192045857,1.53918602506029,0,0.0104398192024603,-0.188583801867816,0,-0.117301656131639,-0.325341217823653,1.20400770393049
"158","90807",0.141200832711813,0.975701965239707,0,0.0152487991456195,0.0810853330521583,0.810105460558498,-0.0862561206796807,-0.212037282716119,0.454299872775858,-0.398440079677559,-0.451145828044912,-0.237641789079235,-0.226764515923309,-0.135251074883123,-0.154776694853488,-0.237434264794023,-0.474662471394887,-0.166493272665849,-0.0448887207928261,-0.602664928389689,0,-0.227553757372492,-0.150256918587691,0,-0.183303084059121,-0.676889362595752,-0.668391865289209
"159","90808",0.175826121790261,1.31383478533537,0,-0.004394633242323,0.0899027401007685,-0.185681627957165,-0.0841099641662096,0.318434073540343,0.194405711414422,-0.122694303422498,0.280271772331603,0.797968384860167,0.11064400812631,0.346793394960489,0.682108484978506,0.0661208634068177,-0.0207338750285325,0.208873779273741,-0.207321226675343,0,0,-0.160636871766529,-1.46766223200811,0,-0.142340134714642,-0.00837886496018979,0
"160","90810",0.240482389418874,-0.0521304351163901,0,0.0358217864926527,0.298190052998713,-0.553635631859863,-0.0522317251228781,0.0606137013391283,-0.268209920867083,-0.0846145495781118,0.380468745065179,-0.2625860313378,-0.101501062442438,0.0716751848580784,-0.256754755381678,-0.108035070352174,-0.0697692731531017,0.0532427913722058,-0.694026833953824,0,0,-0.251229245299732,0.118854074606052,1.84616206593119,-0.284587062441944,0.382217223812858,1.02350033573434
"161","90813",-0.370908517251888,0.118877106950418,0,-0.00338533154480362,0.0363527396712377,-0.758229550546995,0.0782702026654667,0.0149718174324154,-0.507432746037319,0.225573256806717,0.506178032071014,0.210565985792814,-0.349631546028206,-0.0436632385811139,-0.0614567072146528,-0.0306724377122005,-0.0689413569669678,-0.0839284561535272,-0.524382400453405,0.282657847697922,0,-0.791951082560696,-0.762324500315091,0,-0.275778497124918,0.174230719620044,0
"162","90814",-0.261755795518139,0.267192731168248,0,0.0510496761230818,-0.0426756348460439,-0.170749222834049,0.0160150103854229,0.0917177238020126,0.0115535614686568,-0.277136865511891,-0.167713507602872,-0.260189988693934,-0.154759292600087,-0.0326951995898574,-0.321130002698555,-0.0464984973174757,0.0366211914857987,-0.0414540089061792,-0.0612256373466934,-0.455726034022662,0,0.0544391342470374,0.110342411317118,0,-0.0479384151670148,0.404841193482558,0
"163","90815",-0.0327385539128183,0.398207345135961,0,-0.135781356887042,-0.227233270043491,-0.974155399281782,0.0209564820036433,0.0418124480893056,0.188481478926485,-0.0735040980603794,0.455499114956176,0.501469657303128,-0.029566226828077,0.496506370646264,0.102446394439235,-0.146192288366503,0.162174598098732,0.423025143365052,0.0778241411055689,3.35339646801598,0,0.141883174090998,0.0735739562681055,0,0.199364929393838,0.870634650735474,0
"164","90822",-0.0010787216618675,0.0193389694795421,0,-0.00494262194999934,-0.0111863084815804,-0.0103067601835375,-0.00233927292545904,-0.0099383329438633,-0.0158803343113307,9.9859919787769e-05,0.00987249354340787,0.000180460537376106,0.0024563595227533,0.0137688907073981,0.00246920614013598,3.72133934295871e-05,0.00312500974816632,6.992915073428e-05,0.00256760877565218,0.0091616404343917,0,-0.00260350464819893,-0.00916500746249798,0,-0.00879256913887568,-0.00813857738786514,0
"165","91001",-0.625570465959418,-1.38205184696195,-0.959113194945693,0.0298136753611666,-0.257054710535055,0.0165685530142663,-0.0315422935634202,0.0499720859205444,-0.12576152456508,-0.63318372691488,-0.801535993674335,-1.04738462521482,0.159851948004548,0.0877876999158972,-0.491267156683647,0.27175201724238,0.422584900860132,0.196477567306761,0.00490322196759702,-1.60833151060624,-2.20808942764305,-0.09238002819507,-0.218939006527759,-0.704070932453113,-0.121387047279827,-0.161814935054625,0.0309555863636959
"166","91006",-0.210652103726678,-0.472995008598957,-0.905085735603056,-0.0496383296803241,-0.178402673837748,-0.496576634288317,0.0284990198316498,-0.0155527729497297,-0.19710123906935,-0.388013225847641,-0.665400657558676,-0.351365134567771,-0.220798936306777,-0.384954974404401,-0.369278892189253,-0.204143827963192,-0.24005657177882,-0.274578148007558,-0.401228303528725,-0.317345245223537,0,-0.1252321620981,0.115195572390583,-0.146239965371721,-0.209690086469558,-0.0403725190466174,-0.183101034924288
"167","91007",-0.607293612053542,-0.822790238071624,-1.08874774292251,-0.268366584041109,-0.233400816718386,-0.657460553785377,-0.0315267544850396,-0.279976617048007,-0.289611890937049,-0.49322423959685,-0.636419511774243,-0.48510551501144,0.105619804410708,-0.0873228892018237,-0.816765939937923,0.084301904269347,0.10240579542276,0.303420953643335,0.157299977575163,-1.85670630179066,0,-0.0725839045007996,-0.0630683138378715,0.353718379210988,-0.0488870359680416,-0.158369352418862,-0.0976957777494011
"168","91008",-0.0665744742742596,-0.0619858026053969,-0.0578909180553361,0.0371003443156424,0.0826181121259835,0.0870518454893767,0.0533580966644767,0.110871030834935,0.190309785342481,0.0252941575274085,0.121270672636216,0.294691734926976,0.0521541846760354,0.0783497181479744,0.0511240090911169,0.0582233959042354,0.0988971060932618,0.0482703473248221,-0.0187876813222023,-0.00831038421332906,0,-0.0183797122184322,-0.0127376857946147,-0.0200100957638447,-0.0295582229325038,-0.0287137790416589,-0.02206380505269
"169","91010",0.487624167733851,0.42326619291997,0.265821287880683,0.157891516421401,0.242431939894722,-0.0520931186477055,-0.106304403947125,-0.00855998323865009,-0.298834244890901,0.054407256808895,0.36922652985287,0.935405100757509,0.496577283630648,0.473126657903501,0.14318673637945,0.245320381031423,0.238266735162682,0.345434801536394,-0.143308685573797,-0.0757471058839425,0,0.0401390681446644,-0.202476650603127,0.237736395540344,-0.252615715141263,-0.428979570765751,-0.0214454864222163
"170","91011",-0.0794059196157239,0.0791329511959036,0.188537491036959,0.250092947986693,-0.0338142680653511,0.278487443518157,0.121620385338239,0.154963537810605,0.0191817784558094,-0.14810917816609,-0.0689586937066269,-0.360846944057825,0.121241249996425,-0.0226698733537063,-0.208234998199996,0.180184527151043,0.175694296717259,0.20686409687146,-0.0549170767968562,0.0975151608592813,-0.963401916210531,-0.0775342101671086,-0.102536727709407,-0.150512432251666,0.0346883799001224,0.185123135102814,0.346183934208335
"171","91016",0.768324961509004,1.80608148780659,1.57988348729284,0.0865117438891192,0.556613241537119,0.850053044360642,-0.18557117335609,-0.116564900085307,0.0270540490702169,-0.356679478240816,-0.0533229732282664,0.0290256838183182,0.107073384805263,0.646898019229146,0.409506476062801,0.0263218865547437,0.112206597089472,0.0274357045469846,-0.125849526144894,-1.815228526272,0,-0.0705207920161835,-0.00531135259294616,0.479531016442593,0.0305078195109823,-0.121598783387959,0.0722513858520525
"172","91020",-0.103422731617327,-0.185980647908485,0.132737482235718,-0.0737501918332494,-0.116393799556578,-0.201474869321358,-0.0769244204524641,-0.180325676959464,-0.00599533662627711,-0.35949438091725,-0.206296938317279,-0.053505099718094,-0.112636558655771,-0.134033857591578,-0.140964967762011,-0.191327438093372,-0.224418588343008,-0.195604448479112,-0.113901283061425,0.212221150379833,-0.651615956276373,0.018981850862614,0.0266770439376217,0.129491842574648,-0.0343522073516513,0.165792364734465,0.0336040130046738
"173","91024",-0.0749975837711947,0.165596146491236,0.620433972963322,0.175771841691902,0.24373035780728,0.234703031413109,0.0637717726386997,0.0323520612422695,0.23107731216488,0.0274386203565069,0.0184008936499823,0.068723842387371,0.340797198031626,0.246924163295418,0.534391074337837,0.0348006912343499,-2.7240442648492e-05,0.284498340496018,0.220256154604023,0.464486977082821,0,-0.0202350267544985,-0.00863358854121713,-0.410877946454908,-0.0309219880812126,0.0542904782978664,0.035257617682932
"174","91030",-0.210949468840607,0.0715647335445315,1.78932258655579,-0.244527801618325,-0.178330593954747,-0.0180545592941036,-0.206352938327627,-0.0208837326860362,0.0662209794592246,-0.177459643741544,0.100812336306898,-0.198889903133248,-0.0532805183050741,-0.176121559332303,-0.168317655275152,-0.111641825724912,0.0224960164449948,0.021444381792578,-0.241324912304437,-0.60650651953076,-0.661092961325889,-0.066086900890175,-0.0540484331269589,-0.205060098111086,0.055940852764361,0.1330851844368,-0.040673991129062
"175","91040",-0.503640577063179,0.119351397473413,0.794435312750986,-0.188661449275677,-0.201679438359419,0.579499680843264,-0.0167484980337659,0.0363042130867468,0.328415249337242,0.257066600745465,0.195592204852628,-0.17405807957359,-0.24632840932791,-0.228249195946535,0.022099750589545,0.0695538862207502,0.171166663758203,0.264263520242736,0.18640445094698,-0.0191741923974759,0,0.352784576991811,0.095009634578269,0.28523240183559,0.115452237116656,-0.36829264432189,-0.256947002063392
"176","91042",-0.669558840481298,-0.457573441005151,-0.592752310215228,0.173910205908177,-0.0461721823680318,-0.296912954154321,-0.0340303854942263,-0.0328724187465521,0.0293139058585819,0.101521484208663,0.309485280146442,0.254400209255178,0.168852110643954,0.212201927013868,0.724148104131643,0.205390712983414,0.350075689278501,0.41640659204213,-0.0825661320109832,0.291502949849496,-0.156639481061882,-0.262477664119965,-0.141984896956711,-0.296248971849216,-0.0347478426780817,-0.177398055732175,-0.327616816583859
"177","91046",-0.0803341968215293,-0.0668325339892888,-0.0424224250464376,-0.0142008476125782,0.0377829459590491,0.164506559551223,-0.0127181611682877,0.0319000643733237,0.0871217705300497,-0.0503556588064541,-0.0410274909527868,-0.0476250189994182,-0.059427229662912,-0.0417823711189127,-0.0479156514938991,-0.0280784908484406,-0.0290532249903363,-0.049794518051514,0.0392727375637786,0.330396138998333,-0.017522175800887,0.0153068553225596,0.141431526983515,0.179609548544687,0.000392391422674724,0.0790755559486693,0.113781593867543
"178","91101",-0.00507299689794842,0.212302692076867,0.0673085889323049,0.157930529838673,0.145304756987646,-0.0570115221924561,0.0221642521784936,-0.043609461938377,0.0435040543856005,0.380415311273201,-0.135385505830046,0.360542872072222,0.270209754651009,0.262551597858201,0.497055877698886,0.168486292117272,-0.0115925307900655,-0.0279418980327866,-0.00871461413278535,-0.0951703423422713,-0.038927097970991,-0.206189760775436,-0.243293947659246,0.100990124800977,-0.00799562212670441,-0.117444802369926,0.0325182739497969
"179","91103",0.477108539572445,1.14521281660265,2.08746316047327,0.0116570546779028,0.0133481173438198,0.32796175534999,0.140295756322965,0.152458676017769,0.140150614021603,0.802548506104871,0.149795763985882,1.57873938202142,0.240064547738443,0.0139620029673678,-0.158151377095537,0.427384837976535,0.28001503191872,0.169798708297244,0.869956669640405,0.466170740442201,0.708275327439223,0.304354341311596,0.751318015682639,0.419586080308201,-0.033665858162961,-0.130128897625484,-0.303660858325065
"180","91104",-0.6458215353141,-0.949916023444287,-0.665564580306941,-0.045238141560311,-0.458143768230822,0.107818486421681,0.0508387746884732,-0.251096958357524,0.0411574997736466,-0.00892520390594739,0.00520511173016168,2.55132187833944,0.0120108352303151,0.115021449423197,0.613252980650537,0.125297023149298,0.180465063778028,0.121058685587231,-0.168894860352168,0.249616931514839,1.02345829351206,0.197856385827516,0.218669862966384,0.441821979859074,-0.0141784961673662,-0.365213291597187,-0.157223376625808
"181","91105",-0.0924071079244481,0.115207351877969,0.2984414838284,0.0520289010937604,-0.0781728436163848,0.0802392089115929,0.00247253241711979,0.0193009038301,0.214840770707591,-0.173724884093784,-0.523418493793965,0.00733628604863368,0.0769709237215211,0.0168978143896765,0.248064168181817,0.161613310550343,0.31082385492096,0.128785590186834,-0.234402170893761,0.0774067585415844,-0.0277824326484801,-0.0468690756866651,-0.123664303350712,-0.0541072622298549,0.217435846444881,-0.0283939604119452,0.0310641314001668
"182","91106",0.0670167807107336,0.0280237598389583,-0.11296616846488,0.0608412105824323,-0.0161527994693415,0.0714921060168037,0.153205369447667,0.104850844654623,0.144052923627943,-0.279455646942066,0.268424563098979,1.09796096959508,-0.0984649560490646,0.0525705924175755,-0.0900835212801331,0.0153198063022377,0.092412217959325,0.124357116074436,-0.130759027943739,-0.191159442784568,-0.695383830524424,-0.160646211427285,-0.504244668414023,-0.678597366401227,0.0441421923175795,-0.0466543371206144,-0.335425014547837
"183","91107",-0.595783848912679,-0.181726496478666,1.03732371196889,-0.253826330315681,-0.173714019586441,0.0251909219942624,-0.306645438870737,-0.301119547890978,-0.228081083770947,-0.207330860184869,-0.514855690545802,-0.414278787981958,-0.191877553369038,-0.0161447770764367,-0.320876562067664,-0.0876374460144477,-0.119132656805171,-0.258648287178989,-0.3105875641681,-1.68778439956518,-1.69703935012405,-0.0850295011475424,-0.480489232279375,-0.723633237078388,-0.141054579954026,-0.3449860954758,-0.595216394062446
"184","91108",-0.023190895908451,-0.295385772994837,0.435340392307722,-0.0719177636150557,-0.259473372523262,-0.0785721877729135,0.06588405864398,0.140320433484086,0.236280813313923,-0.313491867011372,-0.358604231591557,0.485706357948761,-0.0200003836158978,-0.083834121203103,0.211321044082004,-0.0145075811264179,-0.126419987375909,0.0327266188251989,-0.162039563057245,-0.373320156033826,0,-0.0548227189155796,-0.119712403861145,0.150921430834274,-0.0649190401925975,-0.218434941434012,-0.0303312211472785
"185","91201",0.0919455218539747,-0.291428261475631,-0.658053991163507,0.0752360038591171,0.0908580351137673,0.0271248386367427,0.094622532178597,0.0945667907949959,0.383895754725978,0.0719388834600526,0.394626181232936,-0.0645365222807749,0.00463575523761062,0.276929341718595,0.400500438163589,0.0092270208015855,0.146212794931692,0.294213416875536,0.200618459956216,-0.317063593540405,0,0.0981180025994188,0.370705058444262,0.905953983597892,-0.112802921887611,-0.0925550046206977,-0.275914726294024
"186","91202",-0.235869270772734,-0.793962279703813,-1.59400990840932,-0.0991078513470753,-0.369121320113146,-0.197146095031373,-0.0387530680523337,-0.00431968462141321,-0.158208060962164,-0.043826337178202,-0.546059950993174,0.192785181182691,0.131781259160325,0.583537882907399,0.831537220464619,-0.0590534312668801,-0.0598744211890995,0.00276834601642028,0.210914238351566,0.422819494668942,0,0.19007806599895,0.932085442601811,-0.341550911982037,0.113929092924325,0.252456823875309,0.051095430014156
"187","91203",0.116386956599468,0.631284384174874,0.80352157451504,0.0296595458375955,0.0754544231362632,0.0136090626691466,-0.0541056762191291,-0.0400529770082656,-0.155370308494202,-0.155963007735928,-0.0137147763721147,-0.154418208060101,-0.250107004934626,-0.324384291073133,-0.374566701342319,-0.169266998411899,-0.122504277337933,-0.187229746767009,-0.0615194792825733,-0.0973954549267665,0,0.0481335694920029,-0.0178739088929545,-0.957767722002907,-0.00745003167027698,-0.0589933014336074,-0.0277726062335708
"188","91204",0.156966170803005,0.0448646369694208,0.328499039590366,-0.0178774175258564,-0.202766602654959,-0.228723112217902,-0.114733869965747,-0.307050713859596,-0.165397657522261,-0.00049421492700875,-0.124287527821518,-0.364452410836554,-0.191699026438144,-0.336433046716051,-0.470831670349481,-0.0549457334829464,-0.278129942910471,-0.180978573744186,0.363599541367182,1.23919628680485,0,0.188124173301791,0.11441295554198,0.140136056767853,-0.0794486030982889,0.313621725527197,0.0724082154205906
"189","91205",-0.834720451278093,-0.731201617624595,-1.42073687656952,-0.747180082366661,-0.903053559907974,-1.41965421962832,-0.296200263851444,-0.290597880863435,-0.662110392932904,-1.02203975792345,-1.37220748753616,-1.30773809909081,-0.61233337509562,-0.913220893819779,-0.932110252764453,-0.365341963626409,-0.579607923269804,-0.569514451468945,-0.753607764257083,-1.44946052797327,-1.91953397581844,-0.28710149078601,-0.321298556591846,-1.36513468164226,0.0262758327916407,0.0568790985887968,-0.385332841953851
"190","91206",-0.242566094588065,0.689770008273359,-0.503790291989771,-0.144249061535271,0.212068927154103,0.0180169123462512,0.0337430622631344,-0.0910244304657409,-0.458010732732964,0.0753001767366588,-0.508164663940482,-0.286990978448291,-0.139971863034693,-0.570268765347538,-0.230311972134968,0.169544844494703,0.0540670325836953,-0.16309859119515,1.12912029166547,1.19134622138401,1.47921782496096,0.427416845521772,-0.083396538916675,-0.368361457899227,0.495917532816099,0.343679380127297,0.24323392006971
"191","91207",-0.136632577773933,0.0683683992748855,0.77673839969843,-0.0661315328813091,-0.00420201005137673,0.148777160381115,-0.0625985796131025,0.021836880246092,-0.115427669249814,-0.145204983816601,-0.177588714745873,-0.694795042688303,-0.0153019985150132,-0.29439850841515,-0.260171377732362,0.028193577117554,-0.140579973134591,-0.07287656688454,-0.0439463310392432,-0.192674250252604,-0.567096803341518,-0.0617386701463576,0.114796805101195,-0.324496621854501,-0.0261190021654803,0.0787452816771309,-0.0409835833940874
"192","91208",0.153719298070662,0.219392953390206,0.481698396013914,0.0107134310272238,-0.0607514419344335,0.263401044358097,0.0680254786413439,-0.087391485685025,-0.00929262622720421,0.0320829737042361,0.191037893295499,0.327506508750162,0.240411580146405,0.252613495818889,0.162149276927622,0.000593646277053977,0.145417031457289,0.0849661697502061,-0.259009867344859,-0.312993682479121,-0.754940327335297,-0.0457324675848793,-0.160487227311623,-0.641940514400973,-0.0612139573886414,-0.11954648829837,-0.492107545356431
"193","91210",-0.00960714123256239,0.0174288992741791,0.0350273133842653,-0.0132540902537413,-0.0161272053014065,-0.0161174385574659,0.0182751216985023,0.00620586511776852,0.0221809381529866,-0.00338463880981742,0.00782490752489491,-0.00294764063881503,0.0248735136373544,-0.000325685481462176,-0.00684390759694977,0.00723188505033318,-0.0105493269726452,-0.0114229473124797,-0.00243569022244042,0.00430487927853954,0,-0.0108028019176698,-0.0181259315243413,-0.0200741067282138,-0.00356200176039206,-0.0232305615895206,-0.0190344183833133
"194","91214",-0.226206217296672,-0.0478745072825381,-0.580392808665115,-0.50521648744726,-0.212373345683665,-0.597088552516107,-0.261388542674763,-0.232503958363848,-0.275519949783172,-0.250800423152292,-0.472879202780428,-0.541928826943117,-0.218900888493317,-0.345674619767777,-0.248032258348513,-0.132232043675561,-0.369374219915327,-0.4869915445531,-0.478223726263848,-0.581487012403905,-1.3715833772393,-0.223845875153661,-0.662887387095721,-0.810023216664703,-0.0831642508605544,-0.099876762618154,-0.139946140898856
"195","91301",-0.0173359853921378,0.17090692323972,0.127150421684966,-0.0325891199467637,-0.0934373445162047,-0.0357930002425458,0.0987722515296223,-0.0954264415398919,-0.183852906295954,-0.459018163558917,-0.567897350821383,-0.579014864805647,-0.3152242356854,-0.368186553321829,-0.445503022353421,-0.141528751925379,-0.17234768545045,-0.198902849897765,0.16552153526786,1.42535122255639,0,-0.0597359004279579,-0.0537964517973146,-0.25111403780678,0.059479082026971,0.0175242677154254,0.702500414496526
"196","91302",0.321868349497559,0.516081806533641,0.236190330822409,0.296415385207403,0.303854846515299,0.325041266878555,0.178097455872789,0.0539564394429336,0.1428251367913,-0.257662512228855,-0.236898749709511,-0.166082777710312,-0.0972198875677744,-0.0910652970681657,0.199401968441057,-0.0506943236933842,-0.0653515443596222,-0.135534110597547,-0.495151841951738,0.0393634091897299,0,0.0550689181314082,0.137914509691336,-0.0924226873715709,0.0653701492386435,-0.0581881971292489,-0.161336181703734
"197","91303",0.00624270620314526,0.213591160260441,0.325827813432472,0.202117949967731,0.240999175944151,0.135355876379291,-0.0500234625606597,-0.146094514947234,-0.263193615175055,-0.0564326498215417,-0.232164877620786,-0.497445774665981,-0.196263620202098,-0.589456243644418,-0.577706663110376,0.022389156638667,0.133370949033314,0.0619670517313591,-0.32090307639533,-0.3163464929357,0,-0.130682283407564,-0.13734176222932,-0.582603513585114,-0.115258858131929,-0.308638833598061,-0.571201789223079
"198","91304",-0.00560990791534235,0.166241466260368,-0.0407641969643356,-0.0374445563595902,-0.189731003042037,-0.29744096093221,-0.214812383406072,-0.305294162476558,-0.408600729043445,-0.199945756742249,-0.696980528715496,0.175089425497092,-0.0745145961189597,-0.870084709798051,-0.216730886369203,-0.0578386978801411,-0.148246229817194,-0.126171341568132,-0.026934643335454,-0.278601368442369,0,-0.137659180249272,-0.40745518495425,-0.31777787428574,-0.232263666108303,-0.211988200298751,-0.157553329521156
"199","91306",0.0905598310522339,0.418927863214412,0.155409506987348,0.17497522471029,0.229628735388972,0.028641728547034,0.0821226589977584,0.377970349784504,-0.114400289217299,-0.587613170427562,-0.983116626397735,-1.10441035315734,0.020998305747625,-0.338756866843589,-0.990070199908435,0.00400595884548871,-0.0537577636564578,-0.00117541672578489,0.167533840594153,0.375604575044601,0,-0.0471918437662095,0.0285644022447307,-0.468788360164399,-0.00584547397110534,0.0593900571825256,0.365890624559522
"200","91307",0.078041086249823,-0.15094640199671,-0.127062549896974,0.0353848379687695,-0.020809516813282,0.0896264653128449,0.0485347032922815,0.292503492951477,-0.0125428425437453,0.324665502418215,0.014236576965715,-0.110694835061989,0.0751464775902624,0.46381820980912,0.437282247562293,0.128433536625452,0.214462466402483,0.289941820313519,0.0404766576177014,-0.614536428488779,0,-0.035237525695494,-0.22676377728037,-0.0637643720800974,-0.174249872533838,-0.0484142376287117,-0.188361213875713
"201","91311",0.0519599758298214,-0.569990495791376,-0.703563611372897,0.0723429736560728,-0.207098760106468,-0.411199180305894,-0.139001362782939,-0.222872409937688,-0.368294403728005,-0.0678108707717724,-0.321411159441457,-0.681138634441903,-0.205805498073982,-0.299904937807797,-0.106210476077989,0.0771568717211873,-0.0678233336050693,-0.131811710600249,-0.0504435680493312,0,0,-0.039174777184794,0.249955535532698,-0.363887053316187,-0.104662867626616,-0.14076124198278,-0.118094708073271
"202","91316",-0.579444522122834,-0.109182362908391,-0.623312707625239,-0.336369712048785,-0.0515226816994928,0.290523768762302,-0.204511046218951,-0.282624632301023,-0.22972555498202,-0.207128463827782,-0.0553888515329755,-0.72758482815075,-0.0742107674311452,0.194702747488677,0.638445121676325,-0.0218762241517366,0.0640479313929399,0.127007984087482,0.033546739395891,1.28408892491091,0,0.263547941590977,0.00243206166270545,-1.12230470674339,0.0927548183794063,0.118304952949729,0.133769649174649
"203","91320",0.0385952323274159,-0.191645415751058,0.348113764501302,0.116093275793879,0.103655214213727,-0.118942352400942,0.0219022402186552,-0.0126867670728365,-0.161191378415074,-0.160397403521038,-0.254972209808015,-0.579300722495644,-0.121034374783113,-0.367739465234258,-0.27949797139828,-0.0239706764750414,-0.00803857494776466,-0.156787302091224,-0.00225657757143486,-1.30672463744886,0,0.396029161137337,0.36685864657227,0.619026612302312,0.230872691375264,0.390459135352489,0.380688732373188
"204","91321",0.194922111674499,-0.193356436375203,0.0983305081401989,0.0402907397629571,-0.233866462479033,-0.00860145021264179,-0.0356382198146846,-0.199608022877698,-0.249340260074265,-0.393258645348026,-0.271618547661597,-0.244361985760436,-0.150191241952813,-0.12502054530195,-0.222179585683953,-0.180321605610827,-0.134570928595747,-0.054650389261238,0.469970553466059,1.95302536215433,1.81457392062013,0.03780171070722,0.395297441387637,0.294587826861091,0.169816622033879,0.289284648116226,0.175916835169631
"205","91324",-0.0467751232084385,0.0656842257052232,3.47474821262503,0.0692900348582878,-0.189661665199209,-0.239563199320942,-0.294196964068588,-0.341790583704327,-0.443742005796251,-0.752216230595634,-0.235567812700425,-0.214659946518091,-0.022373395161277,0.322729726546116,0.106544531584212,0.0395439153287012,-0.0301407178326995,-0.114602450821908,0.230836895958619,0,0,0.0579251684858754,-0.620472558663069,-0.725561399707066,0.08254036427237,-0.186815547733882,-0.0561339993819032
"206","91325",-0.558930611773517,-0.359760904372581,1.495914989754,-0.321661243436977,-0.390273515439612,-0.482366694277903,-0.429035251683493,-0.402708953764223,-0.257011202946004,-0.545022686364173,-0.708328263498998,-0.849179105657454,-0.0508371902008133,0.0764847563546189,0.0199855865848395,0.0470333865427206,0.0684278097286636,0.021889454298234,0.0830146605735104,0,0,-0.00214084567790532,-0.0319810304435417,0.151752348296178,-0.176094479047606,0.0736817376322052,0.174647010004971
"207","91326",0.213403317670769,-0.969060552268843,0,0.150395274355112,-0.0223242197203347,0.0552585523067274,0.082044831655076,0.169952809638757,-0.0548952072985996,-0.185575841896641,0.0716510303756239,-0.106319203441305,-0.115996711062767,-0.044997761952975,-0.344957042093205,0.0335678923083126,0.0406193688891463,-0.0915334473111311,0.0441674947321293,-1.52805204992551,0,0.173287081447033,0.0974478032940367,0.0176919192791078,0.0439418310908224,0.0103030092550189,0.222723046946359
"208","91330",-0.0051068446857572,0.00639392306377134,0.0211134924336652,-0.00623284875694746,-0.0117850158631651,-0.0148712326889738,0.0132954363147609,-0.00678103016571205,-0.0102983258497902,-0.000179959767609912,0.00901690217767954,-0.00485733560442256,0.00176582225369483,0.0113936620131851,-0.000597600972820044,-0.00113559371024799,0.00113643519610039,-0.00143304661858473,0.00236203542088269,0,0,-0.00087647935671783,-0.0058612638782411,-0.0181540740466825,-0.0051577933219552,-0.00721959833043332,-0.00605990890105326
"209","91331",0.917078803433734,1.53899553548737,0,0.0957491511265509,0.0185455216650197,-0.292251382726709,-0.335057402427678,-0.358367301433246,-0.630689010548627,-0.468528361821063,-1.16130370977232,-0.499593863784339,-0.367152361299648,-1.10286739732493,-0.858584972718043,-0.566569807436246,-0.458829293741507,-0.339299704973581,0.38509590212641,-0.209830104095818,0,-0.0451151251425205,0.431194709598755,0.11336353516214,-0.3100968558625,-0.44422469762689,-0.998769467024012
"210","91335",-0.580134688156727,-0.48217805905753,-1.14492923929272,-0.404549884786991,-1.21548689600723,-0.815323074356203,-0.166516387151911,-0.588079017101968,-0.561941395232171,0.220499533623059,-0.153940244894532,-0.358364853242386,0.0449900510204659,-0.220644668037891,-0.412212003952819,0.0715787695272377,0.112236956491411,0.0733209273143411,0.51607576053537,0,0,0.160388397368148,-1.01568625010029,-0.525510570034758,0.0727265300466056,-0.337449741137758,-0.00299412707415145
"211","91340",-0.311063145453435,-0.939084440026615,0,0.102936962984342,-0.430755842776891,-0.60384735226036,0.216832696314745,0.145806060508057,-0.341486525386345,-0.0348813248806985,-0.567252271665665,0.0606157997009099,0.138128265971786,0.024931496730286,0.255460627167387,0.010980802250135,-0.0725011001947459,-0.0844695471903279,0.266423668531255,0.734201947954835,0,0.228314397897244,0.422719858846462,-0.0376720328592763,0.162139057303062,0.116680408112845,0.165289044882827
"212","91342",0.464046221595239,-0.385278670318141,0,0.128234255224962,0.508212159258667,0.255370168607726,0.246624178444764,-0.0165791877532224,-0.305261985028784,-0.0128858616151224,-1.31483388133928,-0.370982371782068,0.0534304753785849,-0.589015748274197,0.591484883658805,0.22320195191408,0.38506716218908,0.615381100403438,0.23833216696301,0.227224741586008,0,-0.142680204984877,-1.22915711629267,-2.72115395167229,0.0591868261390522,-0.380825787892707,-1.19172912672775
"213","91343",0.275548705045368,-0.025422512756998,0,-0.0241682260350424,-0.488677675336484,-0.0664367364117453,0.144171084853567,-0.440849261308804,-0.345582194773476,-0.0904579122541993,0.000927139620813154,-0.865889371844374,0.019855816664079,-0.264412150150828,-0.125853352894071,-0.00290560686489598,0.0199129112429206,-0.0175617845448098,0.203840668618592,0.881276518831161,0,0.152577167461734,0.24683459591319,-0.743042290575412,0.0635452366508623,-0.489621104955224,-0.672301696580137
"214","91344",0.154332360280515,0.103921172804973,0,-0.0804526721145957,-0.0936724119960157,0.0861048325417039,-0.198745397092338,-0.0249510085358942,-0.0102681621964,0.194024582413439,-0.300913718473166,0.163592939963435,0.266896801371679,0.204995020716547,0.298127391911996,-0.0647271620500757,-0.0718773709825726,-0.0782991785784029,0.320577665629705,-0.291769565844433,0,0.0836229113497972,-0.0860288171550392,-0.141489205601205,-0.0618437318393806,-0.25752081905098,0.537331609119696
"215","91345",-0.0589599754208948,1.58281494229387,0,0.205771838723099,0.539883701597044,0.0101734879755134,0.232605367889711,0.238739100004427,0.387344608534519,-0.254730500194615,0.0121265084099043,0.611543724311568,-0.0856172898842923,-0.0632359623582009,-0.0135886397360634,-0.217459971095937,-0.15525134521876,0.048396630206555,0.0229967991966801,-0.583002815227581,0,-0.108192583123208,-0.242756191680423,-0.714518664982647,0.0153289980913588,-0.00212133425377631,0.171633453435197
"216","91350",-0.196023672309153,-0.403192194415824,0.850382820345768,-0.279721417630053,-0.0897780256162819,-0.0758589137721324,-0.307120709097211,-0.278137890826276,-0.189635991324024,-0.485745862759126,-0.374312321595751,-0.218752836770579,-0.291086088002545,-0.146303654057972,0.00755517851833575,-0.222437690464487,-0.274358518900143,-0.310364041616458,-0.0736004231407734,-0.386439159777034,0,-0.133466847774752,-0.0681881520772096,-0.257824431822195,-0.111649397620148,-0.0858305480325633,-0.0543318859653606
"217","91351",-0.599654057055714,-0.508965511703805,-0.654696693335814,-0.402794391204961,-0.389462113999822,-0.133964240606549,-0.142560688219874,-0.333240775711601,-0.223792318711701,0.162272090447083,-0.0735928625276688,0.342015860303866,-0.248406127654646,-0.324946573837331,0.15970513584592,-0.113594744204065,0.144507969594483,0.351976592587746,-0.153538983622358,-0.249190218358579,0.300407925988887,0.0286499731375947,-0.0522013121202501,0.0511290958530429,0.0548423742424389,-0.0146517051799346,-0.112755197904218
"218","91352",-0.626189373153744,-1.03234733714467,-1.17685742094081,-0.32875567028562,-0.56342575008549,-0.732926551165152,-0.31442697131673,-0.321998066164375,-0.539631249111629,-0.205181302780653,-0.0608131805533314,-0.91772559466805,-0.108385145879581,0.0382392831096028,-0.0569978968444616,-0.193210812156275,-0.199017808792037,-0.366660594219531,0.0690175012568862,1.88544893428726,0,0.101504385222082,0.053568022454176,-0.509193983346949,-0.143694578962033,-0.256379022388404,-0.502582399979295
"219","91354",-0.00731918179089763,0.110354068475965,1.29155227577002,-0.132587654771581,-0.129730222426942,0.303649881304811,-0.0221945270821837,-0.00351792067423958,0.247915425982767,0.024996712287803,0.119967554918783,0.780676485304402,-0.0662132043997403,0.0935560400477542,0.445153284266715,-0.00305737142450764,-0.0121005371976473,-0.0102020023149633,-0.32507316888361,-0.348135787694966,0,-0.215942345023585,-0.371208897098802,-0.631384775531486,-0.0462708196654539,-0.0128347979293012,-0.390948235070792
"220","91355",0.165392065422402,0.215645903785429,-0.18460840515185,0.0342032461255532,0.0391134155359851,-0.247408630500734,0.0157702127930795,0.1708675566094,0.0511685493379908,0.0379749682142233,-0.255219243443528,-0.155071233709345,-0.132595034478764,0.0403466920476174,-0.00672822397045621,-0.00394510065654146,-0.0332144383300056,-0.124530968679016,-0.208915041128709,0.759464815353408,0.829847294152852,-0.0121694922015997,0.0120715305296632,-0.246701098452792,0.0228588369464953,0.208866976932723,0.327385610870321
"221","91356",-0.181342722671009,-0.523293941951028,-0.257838538575139,-0.0806450456618752,0.0570269575727946,0.398016123115035,-0.155733411520934,0.0575975275754498,0.0930577597861308,-0.00111110955212795,0.802086511631548,1.03858651399517,0.11058841640372,0.0175617353959323,0.250470113606736,0.077321091260929,0.116712013489507,0.34537839702932,0.0515285022579691,1.25986447168575,0,-0.102976686209119,-0.461806350329357,-0.229085943800368,-0.133637877850559,-0.233936550444295,0.546248971247324
"222","91360",0.330188998294935,0.689356092500559,0.384998673239618,0.18184137652673,0.301108486126721,-0.242480708507988,0.459786296002655,0.614012678940481,0.65912487786662,-0.615866390356373,-0.453257650854444,-1.11150830921408,0.125572210013616,-0.0421990049638479,-0.0440021389994994,0.209797400396002,0.175644111025146,-0.285085793194529,0.244852123889186,0.495118910020854,0,-0.0646986336054212,0.00318993870705656,0.990565208685077,-0.045461313324678,-0.0784774499214668,0.111996276372804
"223","91361",-0.220164106134368,-0.927892972818021,-1.14772415200301,0.0444343366656535,-0.0965509491394142,0.0711046777093003,-0.0984618380421236,-0.0718081803237517,0.00249020072942935,-0.410338132813574,-0.374363898729294,-0.0774210426551659,-0.210298224835545,-0.364439618705405,-0.305492654825765,-0.0708535628174755,-0.27870907758024,-0.349578145858021,0.00541749450088253,-0.0291658124010679,-0.291100530299574,0.0119261961219161,0.138535231580861,-0.0753330551446482,-0.0770692660832871,0.0799512836764437,0.00250145965539155
"224","91362",-0.270688098035592,0.116477967793202,-0.253098222903738,-0.352909140340994,-0.529271948972286,-0.620874934705861,-0.198370588389209,-0.287107955020703,-0.649976607769225,0.125396633605663,0.320596866782091,-0.789565890726141,0.0645660674033732,0.0379788999280814,-0.49099246051933,0.00410921959837841,-0.0743314825507152,-0.248403984565237,0.101509446633258,2.22407566751861,0,-0.0598693724117279,0.0607258337202245,-0.410046311370206,0.057528259870644,0.313222633778928,0.310677763115411
"225","91364",-0.145020170513365,-0.866933213833997,-0.268153380556328,-0.109067797284398,-0.388360614949194,-0.254241367837919,-0.255760281129681,-0.118221077412531,-0.199087484272076,0.295895847424812,0.535844119684641,0.174630919573515,-0.0728395935399742,-0.170810897312453,-0.116424851031107,-0.231878146086743,-0.358092792659784,-0.381213683725162,0.286700977123427,-1.38426736326032,0,-0.00354002059375259,0.164077310454239,-0.103564913291158,-0.0158577346881674,-0.282716252397267,-0.0938975114179433
"226","91367",-0.462120872631081,-0.775195377520471,-0.472070861873661,-0.0685087250572842,-0.19494592581792,-0.0632850699074536,0.00545015640438551,0.198476740819293,0.0773979320184672,0.294597585515396,0.447159543533976,-0.177999948777108,0.183030298498586,-0.0864899297398754,0.304028599239499,-0.192544210826634,-0.181755700098533,-0.209068730792925,-0.22159127423824,1.58214210422067,0,-0.390070153129443,-0.170915866790424,-0.498023567750919,0.0529597305235399,0.254598286676809,0.32187910057643
"227","91371",0.00190015672104025,0.0197526269478323,0.038128088224084,-0.00365750156068139,-0.00545484632541858,-0.00740243538932054,0.0179736909398597,-0.00636535340228097,-0.00640285244563769,-0.000627699055238732,0.00951994433464514,8.67807518935773e-05,0.00230926164815577,0.0130908003200327,0.0026063022915621,0.013110440198776,0.0221642716271438,-0.0013512295937121,0.00218299223691411,0.0103163174057632,0,-0.00236574674587879,-0.00798129862711671,-0.0113222584469685,-0.00867666502486229,-0.0075679144042394,-0.00923965601386007
"228","91377",0.225502039328295,0.186223549919606,0.456116752256251,0.0700150576196537,0.0584871823069981,0.068398002524794,0.00699058136226708,0.114340253644748,0.0820742700572413,0.077212848689819,0.135226816237445,0.0925382899896772,0.0962549117358658,0.111790939995267,0.109880140877092,-0.0587863548788607,-0.0162911198466725,-0.0125792142744918,0.0125399901971459,-0.43264216068817,0,0.0361795059887477,-0.0564684056698207,-0.146337042155388,-0.0402053282743146,0.0151967452583656,-0.0908582138372538
"229","91381",0.158892312279691,0.138454562773722,-0.166012331139626,-0.0696523614135082,-0.126401741012875,-0.0126008143649738,-0.1064423545151,-0.142128314919597,-0.130135334676179,0.044508565689521,0.0333505377926734,0.469926998968472,-0.0316675337909736,0.071879006020543,-0.12696417922318,0.0106195694843066,-0.0826913903871816,-0.0596012040617685,-0.182088062979768,-0.562626882664156,-0.691085057407554,0.102701697819045,0.0593707620447654,-0.0547822319516025,0.0202238606867434,-0.0400584489047945,-0.21512564378895
"230","91384",-0.0750005681801609,0.0800933742646753,-0.000733178790766719,-0.0492911122507509,-0.00137960407064246,-0.264865072801632,-0.0538247548365299,0.0569847894675581,0.0305385512537281,0.200484498534046,-0.226807560877422,0.0136611100604252,-0.1581533578605,-0.253825161481174,-0.150158183860899,-0.16125074874137,-0.0899483296001609,-0.152597911218766,-0.150887419503854,0.644153659565777,0,-0.0626702405739618,0.0169871817578363,0.0141204794207013,-0.18233592483491,-0.146648578122272,0.0425961965510123
"231","91387",-0.349644991381486,0.103517977989308,-0.153726218941133,-0.300737246407376,-0.422548593032719,-0.477276569988073,-0.121983231020614,-0.185953065443155,0.00520328977705582,-0.374508356587037,0.0396072583897812,0.026869951290157,0.0164737361545489,-0.0139034494043563,0.00176917549758653,-0.0707552033879494,-0.226530406128753,-0.0820020659449654,-0.293672563123919,-0.519044591792881,-0.607984134180728,0.0510107421420388,-0.233981413560379,0.131850917843283,-0.137419097366538,-0.201680816487741,0.406221876961936
"232","91390",-0.208078887513994,-0.0236449612727581,0.149349564172622,-0.0996289098764583,-0.0585362226309477,0.0698514091116642,-0.129188388774318,-0.0577441944735086,0.107554362742978,-0.0124526550009078,-0.08375835712009,0.131608832475587,-0.182001824184016,0.0203337230557741,0.0457617622496613,0.0251122950188199,-0.132902981987008,-0.226594072016033,-0.252958739100079,-0.359735299935338,-0.807169186074114,-0.131612741608753,0.130419143350531,-0.0702683022634474,-0.0956316298742827,-0.0477432092194889,-0.0483892813907399
"233","91401",0.243275391121406,0.00070668483668264,0,-0.103006538843611,0.231263362915727,1.10830746711434,-0.108639728990534,-0.112862616823683,0.125740699735427,0.0414543079324773,-0.0884027607957056,0.75866084285568,-0.352751993801385,-0.240268196202952,-0.238893185160762,-0.3550761046891,-0.248265798283484,-0.383974619217146,0.341408952618919,-0.331505120737734,0,0.299278716689211,0.226375175369993,0,0.309385500260943,0.00783101303110727,0.473591778553652
"234","91402",1.00503628017263,0.972625204339251,0,0.465517922752443,-0.139777628380554,-0.786577873240928,0.510545782459148,-0.0300548297688185,-0.426312044706888,0.14593345761992,-0.104912920728632,0.181947465306721,0.0192892764605738,0.0418092142952109,-0.276631594366665,0.00472326034687148,-0.127012881120587,0.177297153477683,-0.207624119520979,1.00347988321051,0,-0.141395105750422,0.159609349426414,0.122383067421046,-0.228080534752899,-0.190334510021678,0.106850519916356
"235","91403",0.334540880091764,-0.682439412022252,0,0.235691348192195,0.14755971216029,0.170877499604898,0.150562053937825,0.284847359189172,0.262733736195729,0.274437503639473,-0.0403877230777191,0.281214585909517,0.215549668122255,0.0992618273078141,0.155269320695493,0.183934480367046,0.111273255802961,0.171054314255798,-0.127522064267276,-0.50055148139911,0,0.00490034447256502,-0.0876892841186639,0.616672994915851,-0.069779097147037,-0.261838303440136,-0.266815082002973
"236","91405",0.141491115045124,-0.524486538321609,0,0.257627866617889,-0.208746909377618,-0.0662762478790723,0.100040207974831,0.197644441379236,0.190015981386204,-0.460918977179347,-0.440433429125035,0.068724742612207,-0.0110861585093335,0.0503542927634686,-0.156568893661115,0.339049199954621,0.247101731329964,0.335626530245942,0.49507009667171,3.94103160167628,0,0.263111664453712,0.561923805844723,-0.00716981626291178,-0.112945644898039,-0.264639067467806,-0.319784703421583
"237","91406",0.261859632161146,0.0297081887565195,0,-0.149204430415365,-0.67614611178209,-0.157346070033077,-0.238972096624505,-0.317536408662615,7.03707562795391e-05,-0.292627037977461,0.0221439914581893,0.84428369804866,0.026907077462709,-0.366226117940429,0.0324753528344104,-0.0743553222790816,-0.187941596589926,-0.308456997806906,0.226143206643213,0.314278807059449,0,-0.219034978729433,0.199561544833971,-0.166048773921514,-0.418853371275172,-0.312397301030681,-0.0720676051951957
"238","91411",-0.0319387495556908,-0.308206452218413,0,-0.0691397998819763,-0.257240168707361,-0.224251173461454,-0.0101540718816401,-0.168442644749326,0.0056601247090131,-0.251147600575421,-0.231354897546459,0.0984744282342211,-0.329413680282966,-0.268245767098331,-0.219645673199491,-0.367522517021046,-0.471730210471512,-0.394359614695065,0.402981824993179,1.21326574613208,0,0.506830237873029,1.4777595362755,3.66064905532126,0.269187378637492,0.598687047698001,0.392553161428859
"239","91423",-0.233745151118735,0.442661002876457,0,0.147083397104948,0.300598537635335,0.796516730585687,0.0589559743241641,0.129802649003101,0.357342789114611,0.332903197138854,0.436122909687606,0.592098158576791,-0.161088951012612,-0.0587951310598835,0.122396815645152,-0.166480730854247,-0.142328763935998,-0.261675066265922,0.170345652724223,-0.595194601351588,0,-0.0259279011294735,-0.380795950774384,0,-0.116393851148467,-0.673256626771927,-0.877912449804277
"240","91436",-0.593252994441591,-0.668274450427761,0,-0.189052253330222,-0.104357111383894,-0.199556855701422,-0.00626033594745811,0.0294187476692293,0.0581060964320593,0.225483169015352,-0.286554661199904,-0.363237733621553,0.0732233671931045,-0.0930701961871258,-0.253713957831441,0.0535878457287972,0.0713245187127765,0.0220552486795157,0.138439494232838,-0.775568035763842,0,0.249178920053533,-0.0550471748240925,-0.926733151103585,-0.0417685801949682,-0.444501765404908,-0.361095820986957
"241","91501",-0.528621489503703,-0.405631012777162,-0.127347525904467,-0.228337794419311,-0.31647457545396,-0.158084558075141,-0.104707829126206,-0.144211103287008,-0.124795260259189,-0.0166863192627781,0.0617803250822998,0.0334564672028875,-0.159600838141132,-0.0845210756640032,-0.310951179500663,-0.185379347339449,-0.0904494718121225,-0.139920591824235,0.520026502037792,1.3440603164127,0,0.106750593232385,0.49983475119246,1.67275881311693,0.016299741682527,-0.0183484486513333,-0.0631222942950268
"242","91502",-0.267154697015529,-0.938445570416118,-1.27967084652084,-0.0742007513830719,0.00532843929405474,0.056223471440924,-0.257240558079809,-0.238920969802083,-0.138244456367281,0.0958939812972741,0.450686756106077,1.07710806935454,-0.0273003278954457,0.170724839380483,0.311945197370497,0.0283350655937959,-0.00215230206354591,0.197069542777014,-0.114130548632109,-0.291281553171885,0,0.0901360594623206,-0.305255785465192,-0.304304831973384,0.110183171632792,-0.0731887865423844,-0.0491153819776381
"243","91504",0.031239114931129,0.158541880263444,0.465771579387197,0.0607975881982846,-0.0975900093956925,-0.0253626517770211,-0.0398608763419821,-0.105764307708997,-0.0917065985268103,0.235013238229107,0.314744010369637,0.403110628096454,0.021821183716366,-0.0660559572853215,0.0505977865875228,-0.0205385815398051,-0.0256058959635661,-0.0300343600581868,0.772000048122513,6.10239034309925,0,0.236792599642987,0.584075804560505,-0.44370460262367,0.161437082965382,0.150696501992929,-0.859468414526701
"244","91505",-0.542194420549146,-0.699959584634299,-1.6346119087615,-0.167216613353071,-0.237624875542413,-0.356917889108866,-0.019691707033304,-0.00682233890716758,0.11815733456634,0.0584448026581357,0.179878112739567,0.175810181849431,0.0856325168505142,-0.00188817284182407,-0.0587898895733144,-0.0282219333638403,-0.0400898203543967,0.0708582485109531,-0.0392384889050543,-0.742846990937828,0,-0.181162313101956,-0.541236468743432,0,0.0670881634428034,-0.38579928729836,-0.575743082980694
"245","91506",-0.248851558019744,-0.418869273940689,1.17048926287395,-0.0829865396978754,-0.176380139888263,0.0189216909855695,0.100302379921024,0.0818453154905145,-0.0868120105354075,-0.0092486476377389,0.104954527980995,0.139839752674553,0.125830764616495,-0.0427709107727244,0.0068073607532573,-0.124973778217019,0.0116699780527267,-0.0117797533545054,-0.0441413782671368,-0.699334201905523,0,-0.022673187310368,-0.44381681256193,0,-0.134064969474599,-0.256926302638787,-0.521862966322269
"246","91601",-0.131922639940727,0.00772954529567518,3.29290869371514,0.0182743996785065,0.0637632061527169,0.0500622482037709,0.00646138495152437,0.115943055709148,-0.122920966209157,-0.310600216417368,-0.168401089981735,-0.577571590282926,-0.209061030916688,-0.210693061305248,-0.485075282429174,-0.142389045225268,0.0157004895519042,0.00946558774406318,-0.457003181850255,-1.92105634380571,0,-0.21590378489121,-0.35144899288377,0,-0.0850478599700289,-0.435366268072106,-0.184454939740192
"247","91602",-0.0618755574789367,-0.240033250559009,0.385693661541833,-0.020795585341966,-0.254805330321062,-0.16934116362048,0.0257049088711841,-0.0380982532383971,-0.0559476088589366,-0.273646958241974,0.0461460992394856,0.262115112852311,-0.075520925128803,-0.0450174389623745,-0.113073807971746,-0.0582409672702918,-0.0447261381177913,0.00587949247141666,0.169201986359213,-0.570401366414036,0,0.061267706429774,-0.0573989140510765,0,-0.0775132902724008,-0.330149114796927,-0.577948871450798
"248","91604",0.0533649980581992,-0.157390944806209,0,0.122543512613474,-0.0504376769965284,-0.159293394548258,-0.0073453933690456,-0.124242812402729,-0.138998029781991,-0.234797148142979,-0.713950118727947,-0.769404770890517,-0.253566649220766,-0.582731145369934,-0.690607523095429,0.0135642890873674,-0.3362899810497,-0.35435289604401,-0.123230277413994,0.255544811141866,0,-0.0349227032366502,-0.219936740965833,0,-0.0552868200436059,-0.511209428902632,-0.220207129720402
"249","91605",-0.597302766544425,-1.08587062373652,-1.40347985717886,-0.626956054030737,-1.08322855960236,-1.08783401099763,-0.130800027886044,-0.087643029989378,-0.614740452984835,-0.678505485642838,-1.08169404369996,-0.0255188091982181,-0.293165283187462,-0.402784242531419,-0.232924590807709,0.00963764545870759,0.00145103260022322,0.0136199467135679,-0.34830957919619,-1.29310532245624,0,0.0818292624661256,-0.1063548721071,1.45276325713999,0.0780093857862384,0.264138063062652,1.11692795802638
"250","91606",0.177184438533416,0.217790325006374,0,0.0711811987514843,-0.00450778812089109,0.00993015586922375,0.0566834340909567,0.223061512448475,0.471614937345068,0.312932772289938,0.261135324882125,-0.703805132803323,0.187398405896317,0.135722440703285,0.0603336768349877,-0.031980478244488,0.234537713517298,0.360760908210434,-0.0873207571286556,1.42613804048176,0,0.148314265209401,1.05847464938553,0,0.113306482968123,0.758806221038016,0.173757761070998
"251","91607",0.13812484459978,0.104809096727736,0,0.169441830759768,0.0864070602428051,0.184240546772348,0.0647877759327291,0.123489099863371,0.345034224803613,-0.000654917494091622,-0.0304041725523681,0.207154969471164,-0.362836884496979,-0.156729572481166,-0.286134078374631,-0.359442994776789,-0.149223932282611,-0.269501682510439,0.20764388269509,-0.547569479101095,0,0.126902090136225,-0.486132907693211,0,0.205427584288722,-0.177488548755021,-0.267824681413716
"252","91701",0.0605216226424347,-0.101166151846241,-1.77442050007054,0.103257510726085,-0.00482040406005682,-0.125370691918071,0.223575732017001,0.13088774754599,0.183428017527133,-0.43875316089497,-0.303126730175298,-1.74088143261107,-0.410308477039591,-0.247129833124895,-0.663321332552953,0.0623143658306963,0.00923236476613182,-0.363439321677239,-0.180918748324914,-1.5274866508172,0,-0.0812176523234824,0.100705483974212,3.1302576736592,-0.134539485125417,-0.134564283365246,0.484704037621489
"253","91702",-0.241365030112024,0.132675148380508,0.0991100218204411,0.129877398762789,0.298897338364842,-0.0590829044647724,0.145796719208769,0.337480706547773,0.0465747289387442,0.730274140139154,0.405767807971442,-0.573349348726263,0.688185954015108,0.954311682389652,0.620976682950041,0.0467589907468502,0.221105702584621,0.524219046929334,-0.480642654381984,-0.505296228908276,0,-0.211205513932147,0.466686373965522,0.728591078460225,-0.144713147627448,0.0127397489601681,0.444346030669978
"254","91706",-0.725051479448252,-0.53677072553829,-1.86698876599836,0.204069037449912,-0.292150248018724,-0.442707313836957,-0.158858160338434,-0.282980066474274,-0.283674502986116,-0.995241524130459,-1.82214565204021,-1.53530029035244,-0.488178521109074,-0.816391446407006,-0.575399509230455,-0.142063032221856,-0.463219146789178,-0.396356199049189,0.00513622745795681,-1.34045819679943,0,0.394102609368635,0.0520143782735512,0.846373406106456,0.0832411931550322,-0.164918267309946,1.03476203162395
"255","91708",-0.0618937882951749,-0.0318101878070183,-0.00846691752255555,-0.00398772631710313,-0.0587447845407935,-0.0924387694685761,-0.000122432369022947,0.0118867040048617,-0.0129755959821953,-0.12675903996521,-0.0911015410038331,-0.0334677671741305,0.00714541384414364,0.0529075943509712,-0.0463769418276624,0.0688482903634424,-0.0150982102794612,-0.0204878783752986,-0.0489796189787271,-0.125879582554597,0,-0.0323300255643248,-0.081810323719301,-0.123996094838282,-0.013700791566128,-0.0046737863895266,-0.0944841225290152
"256","91709",-0.133061614862136,0.437681428199439,0.639153337707387,-0.00532499146914538,-0.237522728634543,0.0964890319820451,0.0785991886000691,-0.0040733476278032,0.265663889025754,-0.240867763585889,0.0478782935331189,0.794299128427913,0.0150439569025609,-0.0541393393988608,0.150903835240671,0.031967278531321,-0.132156597849561,0.0739443213010174,-0.232013664825627,-0.161506680041319,0,-0.115290456209807,0.60017436895386,1.03341805640453,-0.219705908098647,-0.178409428647058,0.0167600931033287
"257","91710",-0.883890506009108,-2.21997526612853,-1.58630127115449,-0.0566676149988629,-0.383516764801788,-1.79528811039399,-0.259794769388465,-0.710478497254063,-1.37007843694203,-1.07054336147051,-2.20389749770334,-1.48214432926947,-0.64758683765389,-1.45112315806216,-1.51551361266101,-0.179670140547869,-0.294085322838707,-0.72053863541116,-0.449508359327302,2.93128755443524,0,0.142287287693729,1.74850018443777,1.30751694939618,0.291058481778561,0.776375930147031,1.76721862359755
"258","91711",-0.34600218178616,-0.630668798703951,-1.10352418151428,-0.214617644564764,-0.197166451630395,-0.604768355942388,-0.222106670159845,-0.113658588033108,-0.12709921915586,0.135604984591583,-0.354890108481394,-1.07556703535503,-0.215509813763198,-0.571395764083467,-0.721696505545174,-0.0736090711090043,-0.195838979821055,-0.274982255196244,-0.0597353330293322,-1.5168093364148,0,0.0350180871711986,0.378641825616098,0,-0.055704219640151,-0.0611223090222038,-0.0181632851157156
"259","91722",0.73302261095759,0.719784763093634,0.736156747412227,0.32890729726041,0.472370957341299,0.998340597069161,0.307793941983208,0.280957472673848,0.296437573367989,-0.29612076156643,0.136026187675409,0.84257916895808,-0.29933256878492,-0.432419975948783,-0.288958328174979,-0.0799249519065089,-0.138588527735441,-0.0452321741514477,0.400530884501395,0.390708646563156,0,0.337589595175815,-0.0117880057042723,0.302130515372918,0.0429444096340604,0.177384576442236,-0.442390270221159
"260","91723",0.314353725964487,-0.115933201174847,0.137674128093082,0.208670579500869,0.40300512729216,-0.137021289796585,-0.00407345282392699,0.129723963450975,-0.177295023875289,-0.0439335535807785,-0.0331388586881009,-0.263405801807083,-0.0741927149002122,-0.50429361127265,-0.278774204438533,-0.089354071926474,-0.194691193928616,-0.154972105156674,-0.247585983747627,0.566742575688221,0,-0.212156100004157,0.0152286448048713,-0.954008695039624,-0.169255403182707,-0.0224406827843902,0.500709695575325
"261","91724",0.35611048743603,-0.419053942460274,-0.814972607958984,0.191895202986316,0.126266764073686,-0.288106705211469,0.189677063835964,0.0060170667892428,0.29956982604353,0.0169549743177719,-0.0673857456861553,0.881866316829022,-0.00895480818358512,0.0135762125062525,-0.33902252546171,-0.0156906367125097,0.0593370880445459,-0.06030686240633,0.12357287749306,-0.580464101166311,0,0.0968544578897813,-0.0336677284857474,0,0.217429376994825,0.178336154454873,0.573201078761957
"262","91730",-0.368676157849576,-0.524796693415289,-0.47360387475444,-0.287145848886695,-0.174686773222383,-0.182254769868961,-0.145406682332684,-0.175278114946752,-0.037337118415341,-0.554228641904878,-0.452129811449764,-0.392370182281208,-0.045953384918883,-0.0873381287434673,-0.759476057346139,-0.117900241623311,-0.0268191944821063,0.0988987572541735,0.164054079725611,0.0709055558199736,0,-0.101839063365121,0.484110747963852,-0.464179196892046,-0.139022359814585,0.335017217154963,-0.144609171098802
"263","91731",-0.0744956969310527,0.136069408940034,0.093750128604128,0.0449858544774305,-0.0252972553490153,0.365644854493282,-0.0672775386873336,0.0654669605860435,0.266637771355044,-0.604757688747403,-0.0212034295337407,2.34837589015106,0.0789645735688573,-0.136998445451614,0.385740579868129,0.0354614434218097,0.0409713043821838,0.122303899704919,-0.513769894182859,-0.600564756348558,0.427074349356193,-0.379190497809397,-0.391154795535334,-0.31906499931236,-0.106179293183361,-0.11779322346745,0.219958508478498
"264","91732",-0.117122424480018,-0.0666759727184187,-0.297910022852767,-0.095417557383978,-0.0328303149335343,0.172254878473129,0.245186327108254,0.0195932650152847,0.168084440760393,-0.143911258418918,0.060480869741928,0.327718509033913,-0.253436695635026,0.129320770708026,0.468315533666628,0.143301294251609,0.0154853853047378,-0.205528736251028,-0.287300998123388,-0.163991098343802,-2.51803450999874,0.0859467077218834,0.0708889236546171,-1.3535221914077,0.133718638509587,0.148892405159105,-0.263967417111916
"265","91733",1.10489747671349,0.0616940149418176,-0.325047612259477,0.0263140001557187,-0.179748675124433,0.116007557628594,0.00706804955011123,-0.0348087551185517,0.104168633958627,-0.200174957635383,-0.764522007199315,-0.487361023409539,-0.11138729379762,-0.423409507366893,-0.296052681594792,-0.0708650631302694,-0.15688548286203,-0.227942485173279,-0.229374931315157,-0.445863487810198,-0.262828439099695,-0.267183274883928,-0.613542363916801,-0.696960377567693,0.117313014164664,0.161260875094258,0.121278674772402
"266","91737",0.509981958718437,0.0824256122731923,0.00310940317027797,0.0411691078031654,0.227673755675018,0.097094772438334,0.131258786798304,0.0929066972699246,0.184688837270781,0.275032823379772,0.30965084798394,0.0123549115866389,0.336564095660145,0.278944030138513,0.156614747866453,0.149624384999279,0.204892723231936,0.0557250400857052,0.364283994933915,-0.60369155709063,0,0.383913709147821,0.212340890920815,1.07916725508445,0.0131856832797249,-0.040859421223893,-0.0106402239790769
"267","91739",0.019709784584575,-0.234212934123044,-0.306107026349013,-0.0966190431978916,-0.0368008459885621,-0.191666599951374,0.0608499841022034,-0.0329084095339129,-0.0132836443912351,0.0218573805685904,0.0355390056739612,-0.336523813449577,-0.0666625432235867,-0.171792983966472,0.0495913360542994,-0.0897894534209106,-0.2207867004201,-0.108186375034619,-0.195589190239055,0.643846278874771,0,0.116742387334622,-0.0405949453221451,-0.633397955675879,-0.000317306129376996,-0.0324436390442158,-0.459919001101809
"268","91740",-0.522637697782543,0.156819387793574,-0.210679401603434,-0.366673911811858,-0.0929331122767851,-0.0121593052106911,-0.461430863523499,-0.190489897878609,-0.0930595129795979,0.0746971588240953,0.0936502094671892,-0.469068594929968,-0.063475377610804,-0.214189825120005,-0.07487478093868,-0.160060815972636,-0.497156284645337,-0.221966508766205,-0.375487163796739,-2.49469766716969,0,-0.354156401616746,-0.932732797251854,0,-0.247803125937779,-0.409915004776807,-0.0571329587149211
"269","91741",0.0413427175463356,0.511867621310557,0.114066705874221,0.313568950051313,0.17825285957031,0.706271042626589,0.333546480475604,0.400976515612549,0.379960112383304,-0.271781777935211,-0.221391282771847,0.801362958329115,-0.01527108271575,0.167396800649857,0.214503326854927,-0.0107781418552254,-0.0433109086355248,-0.0580461548045452,0.252099302146116,0.471984394448893,0,-0.0731220774002745,0.00940128838495754,-1.33844226315986,0.101215546705814,-0.285966396878268,-0.0803482459522535
"270","91744",0.480255414491821,1.19086521224804,0.3779239599491,0.583142201529975,0.821213212180463,0.0588108040492882,0.260002298774865,0.330230325153643,0.0464718489211418,0.491825078844076,0.112397031944149,0,0.467903907144719,0.103515579738888,0.571837381580891,-0.224000009309247,-0.420222202843775,-0.404456170113525,0.210264266890604,2.85308606725208,0,0.608855817905613,0.699460952605718,1.1929068546239,0.248680555748169,0.743457083225105,0.478745031821332
"271","91745",0.0408322548980459,-0.330654197402449,-0.433456831035058,0.418362406117611,0.370742202726923,0.538165388654923,0.178969845191928,0.234933779582607,0.240507811297074,0.375312059573287,0.0217648651861583,-2.13136217141079,0.127341658602818,-0.132109709538039,-0.29927185271327,-0.00175799696765179,-0.0842399840822349,0.0257099951876652,0.101924760801314,-0.653620209101639,0,0.134814873257265,1.01876278174125,0.867931784890672,0.0677470630856118,0.465784124936243,0.47392924561808
"272","91746",-0.267460469024608,-0.610211307140024,-1.4860537185126,0.0603634975642042,-0.493652813738431,-0.479756818944767,0.130974352136857,-0.0314425915015647,-0.238813807957637,0.228183946722105,0.22478996291358,-0.794650020101201,0.468385243977455,0.184323687559067,-0.0750861225137792,0.24359943344655,0.129136810263904,-0.003015620467949,-0.32033196599782,-0.764731062598719,0,-0.197168858996384,-0.347809434460672,-0.410264721689921,0.0511949254309854,0.227796626611548,0.663253647260242
"273","91748",0.0849884434800271,-0.209887274236697,0.445735335756957,-0.489667632388915,-0.590594222016398,-0.507922291064427,-0.177161613801229,-0.351378324003992,-0.45944341593405,0.0416833190490818,0.121474940728639,-0.545817993186615,-0.308012899326145,-0.413102729662318,-0.69844927976674,-0.00373172900983642,0.0468025384911291,-0.0308306168753855,0.317035704934076,-1.01279860033646,0,0.184814981586835,-0.0125438034573451,-0.946524306012705,0.0482322792504196,0.00336621372507572,-1.25509255380624
"274","91750",-0.0125037827643254,0.228511956323915,0.632564895464192,0.0290218013576575,0.383073184972124,-0.10852701931192,0.0877311221044526,0.162711198558407,-0.0907298097630169,-0.146601391048312,0.41948980352666,0.656330907807065,-0.193113399698823,0.0628951302041565,-0.0307392729888555,0.0323595098430393,0.0359365719020128,-0.0592795674768269,0.268415612107327,-0.461915620232609,0,-0.0159387639203683,0.836351973640584,0,-0.135151220054937,0.304725421104345,0.964916486013728
"275","91752",-0.118590678805372,-0.436740665996336,-0.528897987231279,-0.0838278497539447,-0.28282882599946,-0.270217932435655,0.0170682579418784,-0.000446481038866287,0.0676193120356735,-0.15185071070366,-0.0440695541575366,-1.40347821973883,0.189371957493285,0.0134318609152198,-0.200704581386415,-0.0835232809889552,-0.057755055126932,-0.318150904352779,-0.0452188549017534,0.536034365893041,0,0.143876759083493,-0.15630106167944,-0.471097476934356,0.110047451453692,-0.0103501415771835,-0.0287097919616248
"276","91754",0.869224387113301,-0.0128702916932432,0.631715848688051,0.110381736449875,-0.183117663212188,0.191754154866811,-0.172484716483074,-0.218658563576073,-0.0159858940992684,-0.726088186566087,-0.292945399094715,-0.284083171690812,-0.177474282480997,-0.058882770245861,-0.197350113351267,-0.278471905576701,-0.380354119914236,-0.144883099208885,-0.492142793227058,0.136441609893849,0.757321363997971,-0.687779168877802,-0.320657642222895,0.615755006281664,-0.633745534947193,-0.271670282605319,0.152951163084588
"277","91755",-0.459614069900038,-0.573904872923445,-0.384181393150001,-0.461883001228823,-0.399195090841219,-0.660634805117408,-0.134414333400118,-0.172938441591363,-0.162279774227685,0.249536968431553,-0.793004748582522,-1.87199570405002,0.0691853162025801,-0.0843329688527414,0.117847559548576,0.202432334430833,0.103088351692497,-0.0472940475349314,-0.125713100635812,-0.589990206360429,-0.732774242184453,-0.05405291201472,-0.172003374796786,-0.923523871454782,0.254076406231133,0.181775577797926,-0.378409262377945
"278","91759",-0.0197504991176644,-0.00318700362115396,0.0355564132366586,-0.019258242721905,-0.0204943924552443,-0.0139272983857346,-0.0164512580911149,-0.0202451745043078,-0.0201051443120464,-0.00189673507559379,0.0113939874811378,0.00339570385152828,-0.0106897493940209,0.00394791995110799,-0.00655470824249916,0.0263642071417026,-0.0119333031477538,-0.00627995851681068,-0.0203513197398146,0.00336318394367992,0,-0.000689255690004855,0.0858220729836074,-0.0237400696179471,0.0264880762390858,0.0727681516210655,-0.0203695396242777
"279","91761",-0.172229543263818,-0.0612438846536965,1.02382429590694,0.0897009078370492,-0.0870888731597615,0.104653394575373,0.0655343522825099,0.207544088508455,0.230710587722145,0.278684219439976,1.29176904146096,0.968557301163962,-0.150633561289831,-0.290547125805656,0.22631869796444,0.172702241724598,-0.120057054836469,-0.413919943602581,-0.0949156252980497,0.330208264391314,0,0.00179542562264177,0.456599321485918,0.684331508156767,-0.02194618111061,0.245869257167699,0.403153051819955
"280","91762",0.0754949946163953,0.294015799511806,0.325570013421675,-0.476251049710982,-0.121853808843741,0.115966074332798,-0.217600483880788,-0.399473028688622,-0.393058495637549,0.599497194261354,0.452965091869585,0.387916299917867,-0.141369303193767,0.0168392525229691,0.227111866223084,-0.406577530659971,-0.323549361498989,-0.0353037777682979,-0.330627498268235,1.18136918051191,0,-0.294555984799841,-0.219788806193595,-0.0719226785802765,-0.1505243381407,-0.307069987566428,-0.106899277873923
"281","91763",-0.572444527699198,-1.21463602699618,-1.2374542404805,-0.243358704947892,-0.419739256688023,-0.826200616557095,-0.109420075190677,-0.326964443001802,-0.261663088777874,-0.279180407240008,-1.03950843941269,-1.20835374755539,0.112067606235981,-0.132318924874699,-0.210001025934446,-0.151600990455762,-0.189183353684412,-0.129430063753315,-0.0244988199752922,4.95324372253699,0,-0.0689937348527266,0.0430236862812139,0,0.0252866919710037,0.0766148609138001,-0.665681206776731
"282","91764",0.156567652867033,0.165628806400467,0.492479923358851,0.179060781664641,0.09954637759117,-0.189615454968356,0.113092994595822,0.0717785576632174,-0.172555800450678,0.0314987089440014,-0.00956346905888542,0.55180402012019,-0.0156932569031575,-0.0842221548050358,-0.259118407629056,-0.0587407968299309,-0.0548753733004306,-0.127563751260789,0.0155417109788708,0.732558572270489,0,-0.0134266864066993,0.0779694885592516,0.0673019680523828,0.0963427519423472,0.25440194589095,1.32462751444213
"283","91765",0.386176199094486,0.80464655919528,-0.262370928792348,0.205809431243791,0.0915351812931891,0.182668935089801,0.0316333916346647,0.15221348712325,0.242633105777852,0.00640467128171106,0.890266792529089,-0.0374879589087237,-0.0762601161825296,0.101523491956217,0.111787458267889,-0.00648345091303114,0.0614435717903582,0.128241163860633,0.545677375210178,0.622490072024994,0,0.0336451018864577,0.198784519874905,0.0858375084560814,0.0463124106912407,0.232726124501256,0.0505191620157179
"284","91766",-0.266533227500375,-0.0836997322517215,0.114337877425026,-0.302974400727399,-0.65301388225651,0.117844273594903,-0.154262139441038,-0.48364627650555,0.0154506548268752,-0.42009263895384,-0.580818018106007,0.203547693455963,0.0690590907331127,-0.14308331939912,0.110371790793905,0.302713928057076,0.111866461728333,-0.122261210111483,0.261519222377407,1.6707434201162,0,0.264605546550921,0.610533219623722,0,0.25853384954043,0.577788999654656,-0.159935685764116
"285","91767",-0.591646035893471,-0.549608928681787,-0.128414845270449,-0.403984456642801,-0.419390544662644,-0.740296412133047,-0.166895610680118,-0.138398989880939,0.0461224152848917,-0.117221991779348,0.766429814382088,-0.0793603915493904,-0.14846859790992,-0.113967832260166,-0.641345341093362,-0.176745613515769,0.00148348813663961,-0.112368780231748,-0.183924067067007,-2.18671765820071,0,0.0203365567193685,-0.490734457483698,0,-0.00535762618059471,-0.509254021710231,-1.01077428136102
"286","91768",-0.204672030955395,-0.361616028865876,-0.529803562004233,-0.146239386347659,-0.396190028133559,-0.469911870734506,-0.0402296557051889,-0.219854800895641,-0.266921048007506,-0.232142467067851,-0.531687444292869,-0.503839593490559,-0.257061617596052,-0.347521538445817,-0.294107878180937,-0.169879244749742,-0.453094650619396,-0.27520094980317,0.60119483599082,-0.591358544902692,0,0.593638051237693,-0.157005786232813,0,0.392462605670232,0.0991214337408985,-0.0379940594352988
"287","91770",-0.668286938559222,-0.573030025303207,2.08859973197171,-0.234452311995327,-0.249959338199703,-0.466092641293351,-0.374686286115495,-0.412970783617351,-0.427085180792682,-0.381073968526774,-0.172145064247976,0.942808156549258,0.037366117893465,-0.214028227646541,-0.543226905562487,-0.0697603646358906,-0.47166808988271,-0.506781546854527,0.751504365653967,-0.909283848800982,0,0.291869589195511,-0.424138621814501,0.374401355353287,0.162256193915426,-0.221639492510447,0.180925551038374
"288","91773",0.141743461758999,-0.301821955758506,-0.715156642258356,-0.00707936681960836,-0.113866420829441,0.292963011243988,0.0217660221069679,-0.127340701622897,-0.27265447191129,-0.511140876221968,-1.27704028939813,-1.60328502055064,0.159330905327052,-0.00280375285841043,-0.986898281003799,-0.287103080187288,-0.271025814688191,-0.635316147522107,-0.0724840718040979,0.364015578139541,0,-0.388745613698048,-0.201177306891669,0,-0.212515422110207,-0.701355505696399,-1.68349081761845
"289","91775",0.366629058946413,0.743660033070424,0.848971364057887,0.0228353683468996,0.231356438525061,0.0636781342204199,0.24099926304688,0.312754995595153,0.0688769008907362,0.370033531928399,-0.349828878296576,-1.12494784243838,0.113294724431216,-0.0718924264017144,-0.574799824783461,0.0544162722437652,0.00490490616231262,-0.28124612309939,0.185761822219376,0.324664499408882,0,-0.154984586571478,-0.709218636856994,-0.55788953226018,-0.07671300178623,-0.338376652191158,0.0202618110682492
"290","91776",0.295926301164224,0.483543469301895,0.250940033710258,0.0788761443349213,-0.102412281505682,0.587813623641867,0.0350066061172148,0.199746367012027,0.441293963310458,0.134537896545892,0.397489118726209,5.07599260661948,0.121704247584641,-0.165843728356134,0.111658268305734,0.0998016993261271,0.343631051474827,0.502398483320645,-0.365190743527387,-1.77868298414984,0,0.0123037018678274,-0.196827688688496,-0.853424216782555,-0.0288574963098298,-0.425746207561804,0.163203528457914
"291","91780",-0.345659826667023,-0.782405385149223,-1.18060066579361,-0.22074269369954,-0.71814055785078,-0.915257281925377,0.244242905068129,0.131768993876704,-0.151214177753156,-0.256857519946535,0.258058011438038,0.72710799515385,0.234435702642973,0.567981496735834,0.778246329574269,0.145626724259587,0.226875217040613,0.790378915016352,0.0496463733611561,-0.0397197896729305,0.148551635518855,0.3086729541017,0.198594437814861,0.712900189033033,0.259213567666885,0.18648635661315,0.347762834701604
"292","91784",-0.111120843538847,0.0240701705728785,-0.339079008722743,-0.103040759050948,-0.0996237792019883,-0.061922727902511,-0.0781974549746173,-0.126597204376212,-0.092981580320888,-0.372436642547235,-0.559763758295214,-1.0616594481371,-0.333571695234675,-0.423082425803957,-0.419918606939166,-0.00781713428764297,-0.0786692671219631,-0.0824350737661349,-0.00402381240694356,0.157643118171321,0,0.172696303610279,-0.0722657094445922,0,-0.0246587825863083,-0.310883504493052,-0.568881788093618
"293","91786",-0.585771822461585,-0.804119465346019,0.0103947935545512,0.12374551012111,0.0935692725372468,-0.837555238601583,-0.113792377441314,-0.0645587638685792,-0.534343708107437,-0.72259432630998,-1.03654512828031,0.0647342397142523,0.0696844383312797,-0.482925575639158,-0.518690366217391,0.0620167307355983,0.124121219440588,0.00940287569868792,0.145355173896994,0.495571287823044,0,0.10438941312958,0.16181333488318,0,0.368634468728456,0.326676658768104,-1.41631796660978
"294","91789",-0.110270032281882,-0.1457529105084,0.235216765952006,0.0389205169225358,-0.0259330132475991,-0.237102314590466,0.0455112080124037,0.232389248594724,0.103370599934811,-0.358869149173214,0.199093944228256,0.506827083911551,0.0172715710766838,0.201352892388,0.549718500349052,0.225923009104115,0.283083778589407,0.440989169401755,-0.249683654959321,0.852754814803509,0,-0.0262820252360535,0.529524881237802,-1.22443351871976,0.103475300689629,0.700634989988462,0.355331794452435
"295","91790",-1.05646086428172,-0.512926476710267,-0.33303906862097,-0.258557110668801,-0.500773563065704,-0.592521161330522,0.109104186860071,-0.100231095351753,0.393752751741924,-0.599341446459928,-0.151446033134412,1.48485085170322,-0.100700906145213,-0.123484023696274,0.477858186504721,-0.0792468953522235,0.126668159758234,0.29803561374834,0.0166988217237937,2.00952538668791,0,-0.0891155714883136,0.783034068947511,0.360956219274363,-0.0581964002812455,0.302469695583116,0.330791862933302
"296","91791",-0.0671150423208233,-0.128223929976605,-0.0291218417933898,0.212270865886589,0.151143946473483,0.523493759875192,0.10773329887515,0.341872221255455,0.501717193584297,0.598707256348124,0.126466366479244,1.41258293661196,0.132981767356893,0.196773475036214,0.350031910942311,0.0380006614925361,0.258270811024522,0.191133153930126,-0.10548309475909,1.50683520826683,0,-0.0732738596766804,0.382400872247923,0.607078518221426,0.00828916203319363,-0.0743286395106041,0.186277049169272
"297","91792",-0.00450987972773695,0.339043797486196,-0.293876669055513,0.29974114949586,0.235699160909489,-0.152952015304889,-0.0615515408033273,-0.200190503238846,-0.121815633786692,0.0920463450206415,0.639216607253495,0,0.0767904712090998,-0.0389028157645575,0.473812366784494,-0.138566715971403,-0.284952717298406,-0.331562892976943,0.445198324457381,1.21652715626312,0,-0.0314519222161774,0.399818912882173,0.461169578031949,-0.00260244291346939,0.0315726849396744,0.0282287665366334
"298","91801",-0.2923944298646,-0.300482131300528,-0.560061843352358,-0.218222575722341,-0.110601221010174,-0.0319815580948515,-0.254305232090732,-0.124681948765593,0.0098128515040757,0.00324324434853158,0.157151215999049,1.90312654242776,-0.534623478586057,-0.213510623218218,-0.447560810102186,-0.25767192372441,-0.176103537520511,0.00576175551067028,0.543134974219693,0.97184038512569,1.16127362694656,-0.0259424275907345,0.179588099631993,-0.409169964282938,0.108914156938197,0.186190541906695,0.530241733020094
"299","91803",-0.670334874262143,-0.844752340494826,-1.08134947650863,-0.557278293760884,-0.793485287790931,-0.770151204093072,-0.202601561772592,-0.129901032763329,-0.191989188990464,-0.273755441971867,-0.384837596593803,-0.733508457674001,-0.156598252350188,-0.0232994807008266,0.000290362639558699,-0.0696024778332458,-0.0602703153096005,0.151214303777014,-0.066619582300754,0.380978957687654,0.497908003454254,-0.0651243791244623,0.0894712830972176,-0.154335725925896,-0.108350006978685,-0.0441046617904149,-0.338831465771925
"300","91901",-0.0870742202480736,-0.550554876007741,-0.142330417482141,-0.125903747830537,-0.161409023727022,-0.124267022751144,-0.202708415724435,-0.275085619440486,-0.0603180039020758,0.0666765469700528,0.277630282986307,1.23703798155116,0.106421941154355,0.256510720199844,0.352289634699344,0.0178246962930486,0.0970615252627942,0.119990301740759,0.288280471349937,0.595881075222366,0,0.137628611294449,0.249258792095595,-0.555324046196764,0.0359206582689361,0.0835437896745208,-0.33758696592519
"301","91902",0.171002891277616,-0.065513588511158,-1.1092415164322,-0.0305945926070955,-0.239564855653931,0.182057711912192,0.0875183798927975,-0.0587531347714853,0.0584869305973955,-0.126872734144423,0.0394635709458379,-0.544595185773683,-0.0704083722823024,-0.0198892007575767,-0.00607260532835914,0.0769557808181726,0.0410825701893891,0.0660713428770651,-0.0621292089983436,0,0,-0.297214389331341,-0.181373237559615,0,-0.270079555989863,-0.300110137261211,-0.230198952212365
"302","91905",0.096938525027858,0.110497519973773,0.961695849498692,0.0520859368948194,-0.00174290552829495,0.0708716179025757,0.0781653657097402,-0.0143293101092352,0.0419688911596618,0.0552525020462147,-0.0313409975716608,0,0.0546481386676326,0.0765136983377292,-0.0508697927822811,0.0250903071183858,0.0547834229629708,-0.0780960846232016,0.0313941796308717,0.0957148701996253,-0.117307001914083,0.103944548885398,0.138936928152559,0.0835366824373363,0.0236589595252121,0.0877389102366686,0.0503427509763857
"303","91906",-0.122866732393349,-0.111843493196317,-0.0643131452510939,-0.107871559276145,-0.142239089200168,-0.150062037345909,0.0481598829363145,0.0598597108487128,0.000497645936344555,-0.0428129581098274,-0.0816493095373543,-0.0824908135687484,0.0192602256604275,-0.00248550435435963,-0.0924683126220219,0.0199392649552424,0.0251768665165806,0.0194924785122516,-0.0507455655485338,-0.129184567350847,0,-0.118381939268933,-0.166173296736035,-0.16188021607364,-0.0520416319868906,-0.171019212934954,-0.192379574394449
"304","91910",0.00670134528638034,1.1860088018855,-1.276416832234,0.630162843991965,0.563140734701487,-0.975724700737468,0.0735134064683454,-0.291351978720099,-0.875614845333618,-0.451275081770116,-1.18687616156361,-2.54628708441886,0.0511006751824509,0.14946886281992,-0.204869263095808,0.140071087035712,0.333259361702291,0.310259558859832,-0.744410412973363,0,0,-0.711104581430564,0.604592921530236,0,-0.213139135776097,-0.524922943316439,-1.98263627061559
"305","91911",-0.569831357579683,-2.28782800935305,0,-0.213910910590622,-0.23955775649769,0.36335979759547,-0.183234425361562,-0.699122788045897,-0.570014253516146,-0.821292407144216,-0.94822257155961,-1.38941630743297,-0.373910390904394,-0.760733376061207,-0.640829002500479,0.128697198341491,-0.111548501845174,-0.470912592559067,-0.0508235276256048,0,0,-0.0941304180799979,-3.00387762673816,0,0.0270547032231358,0.122640870439365,0.573023378595311
"306","91913",0.0878132046432334,-1.06199674537629,0,-0.00689846160092121,0.14112895306177,-0.287622899487009,0.169055714592065,0.16999950845531,-0.247217007325795,0.0194203744136189,-0.345982444314029,-0.22862816918962,0.276625891787716,0.369476648804146,0.0905692157828654,0.276376350727701,0.266713715489968,0.326887633262407,0.194261812820135,-0.115882057815352,0,-0.0414159476977738,-0.522751894337272,-0.533746052982179,-0.0507127863676253,0.00732634854749539,0.0745809628204386
"307","91914",-0.0144023582826278,-0.16851423983263,0,-0.0474546829063718,0.0439131770390758,0.0370686541777117,-0.00677562254365877,0.0682973930606522,0.0180034709929872,-0.124628561687868,0.00648868083384047,0.165792752775864,-0.0905141068078153,-0.0551087262876769,-0.0447398540703295,-0.0434011631180205,-0.074718218440918,-0.0714950050759071,-0.0494014490531944,-0.181977054764639,0,0.0376181646101093,-0.0346431503469916,-0.437191909905612,-0.0271332431689669,-0.188940896191299,-0.307565031547772
"308","91915",-0.0392696661091059,-0.189907596848412,0,-0.0696437500814409,0.128186054072026,-0.101565221585496,-0.076815091126838,0.108655784405306,-0.187978099758113,-0.250339751426679,-0.333288357093112,-0.24528272671895,-0.165370289448458,-0.0623259498822613,-0.325136960607285,-0.130987425887946,-0.213763120064006,-0.199022311327406,0.0044260472980499,-0.30834548979833,0,0.116831009023423,0.483591654262422,-0.0242112607969593,0.119329599968737,0.286983301094612,0.341566868177142
"309","91916",-0.0253670192591306,0.0654519645453957,0.8749329275052,0.0351679745633558,0.0753556678901503,0.237507468973902,0.0265056586709924,0.0158902223577263,0.0393476149543719,-0.00319972537454114,0.111758728637023,0.959690642806647,-0.0523825665020379,0.0107106423949692,0.139927642166305,-0.0546581688247418,-0.012150192508061,0.0270401951592907,0.0691691138033823,-0.0635203665484936,-0.073246974978604,0.113344778824701,0.115576193547166,-0.0723679345471045,0.0483737911070948,0.152398664597461,0.219009172270719
"310","91917",-0.0601673220898538,-0.0319133304104047,0,-0.0320077315892019,-0.0704174923393349,-0.0799852852771126,-0.021897491630989,-0.048246722809205,-0.0701062407544141,0.0139824633513991,0.171661753194115,0.935746211230403,-0.0231093586433308,0.0165842329944731,0.0422043770133561,-0.028668227728479,-0.0076117680855258,0.0138061541416753,0.0856397299467135,0.171448521821663,0,0.0568500469921943,0.124606462223461,-0.0804654666106056,-0.00577592088750566,0.0309768456351422,-0.0552548863971015
"311","91931",-0.0290446126694946,-0.00911416821076007,0.00283155102269374,-0.0154452569562922,-0.046963762517462,-0.053397695335873,0.030897719703166,0.00200959669206862,-0.0044648502651123,-0.0304567630313662,-0.0121514486715552,-0.0228026684561221,0.0013661946546368,0.0482701354401596,0.174734841772587,0.0201668782127777,-0.00391169251018759,0.0124957961671852,0.0298131266986039,0.147306573339718,-0.0300998117289586,-0.0176241287454864,0.0208982213755013,-0.0757704103896282,-0.0166513388844989,-0.0209582803266916,0.00239070480202492
"312","91932",-0.0338185985809323,0.0366779924269264,0,-0.00499025287496309,0.151139715601146,0.043661838774741,-0.101684376988368,0.0358608337245089,-0.153433105602282,-0.172155114354532,-0.12129595670683,-0.0120619496439753,0.00530879214605168,-0.188074856603341,-0.178500606984163,0.0328589801715767,0.0591343286126159,0.0915885443824856,-0.427656037098915,0,0,-0.248738693836564,-0.601246097285341,0,-0.184153581626174,-0.161008138689525,0.785345102230488
"313","91934",-0.0129829669142462,-0.0864109539277715,-0.0363426515792303,0.034374467890755,0.0249287047657814,0.01049295826453,0.0459802874567604,0.026071547467698,0.0329843282670172,-0.0581269992372397,-0.0524109423610748,-0.0646971806803778,-0.063991332570543,-0.0408912061681472,-0.0545284620345737,0.0193855257716934,0.0400918392738095,0.0185733498181092,0.0209755660863863,0.159463741476346,0.475295550346777,-0.0365121177596765,0.00456460585403276,0.0917519597521341,-0.0288497669613418,-0.0279840133704526,0.0164925997223791
"314","91935",-0.0530034974051921,-0.242093047101942,-0.484511478771397,-0.126091506114038,-0.147108732846271,-0.18975608363111,-0.00926851868184808,-0.055349066466817,0.0612719335632074,-0.113880841873022,-0.132503548062521,-0.178001349631563,-0.0596667471313939,-0.0569655827035056,-0.00218786157497646,-0.0636734540642142,-0.0632298678530387,-0.0926559357150212,-0.194908328457707,-0.0302363574879449,0,-0.0568033560821389,-0.227661574094739,0,-0.0702150064838293,-0.171567890624443,-0.301194410848513
"315","91941",0.51570870811736,-1.34594811737153,-1.08109871595006,0.31856542365641,0.669366858374273,-0.772135766901071,0.117521371592058,0.421622223237024,-0.0625577958159085,0.0858337778229964,-0.477757564641321,0.070455967114732,-0.203485276502432,-0.451848844976646,-0.395860895040554,-0.0765601936621094,-0.122231589922438,-0.307830830210077,0.0692442836121989,-1.77219890028802,0,0.0671264193700948,0.5911341376127,-0.877911018245042,-0.0376659365230644,0.502581277492769,-0.368744166049393
"316","91942",-0.147857620256461,-1.34165641346557,-1.58530208831138,0.15694429010752,-0.382376911414796,-0.92631194356153,-0.0592933064969971,-0.419022020622208,-0.524565436023363,-0.226345101213309,-0.724290341022098,-1.26458228408753,-0.53070375218703,-0.660980363413449,-0.878988927950916,-0.199077222290358,-0.34912976163804,-0.111281792131942,-0.186310549332406,0.282864255613689,0,0.0407915297888083,0.478444830489704,1.69808989947153,-0.0823668031682602,0.208758188045515,0.873036655909678
"317","91945",-0.321191079017353,-0.384320777050441,0.311885940324436,-0.308251250550989,-0.255633615544421,-0.229227793431499,-0.306668153653636,-0.237721914252172,-0.619126727748091,-0.136291734109563,-0.446831828799584,-1.23727558586373,-0.220797191184424,-0.123763496201249,-0.178320987349545,0.0167794641098811,-0.0232818612960574,-0.0486042616326517,0.351436999476038,-0.979343073646267,0,0.403014698449225,-0.192430230370424,0.333121645699067,0.273115151385073,0.610500638330675,0.174659890652736
"318","91948",0.00291963907507761,0.021257016555151,0.0377112061734908,6.37420006164298e-05,-0.00513835036446013,-0.00817037008750799,0.00411087458986114,-0.000917685817147407,-0.00285768271739874,0.0027334712285728,0.0139278867093001,0.00487131467968121,0.00357716196475644,0.016856811122044,0.00640599196467995,-0.00108904667138833,0.00223570881276361,0.00295796785776203,0.00154033828268317,0.00807615012911947,-0.00589714969410412,-0.0062700389579354,-0.00967818130158716,-0.0135653830934879,0.00390599857838708,0.0195121429117684,-0.00995829819594536
"319","91950",-0.0278931500579627,-0.360123457912315,-1.23646317320581,-0.0367803709614527,0.49976047063066,0.603146913303893,0.130707711483027,0.157130439484383,-0.0981096963784162,-0.3014045186026,-0.185641428655428,-0.544804943510237,-0.0245259684117317,-0.422509793568477,-0.750188505763601,-0.261181988934301,-0.388872390358563,-0.35352082125344,-0.253876195336753,0,0,-0.228576818214573,-0.681238214699412,0,-0.0324249228224212,0.222489286854261,0.395798720251763
"320","91962",-0.0681035314921924,-0.0516285654707142,-0.011354978218385,-0.0900923026141514,-0.0846169719736844,-0.0870425281642499,-0.0740153560750985,-0.075925399560009,-0.110457470929368,-0.00564806395355839,-0.0637454026987363,-0.0881409973841836,0.0441757559892534,0.0185097370437207,-0.0965302400899656,-0.0100618666405594,-0.00676239008381729,-0.0308710196434839,0.086551471698501,0.109600527941849,0.46965463447832,0.0713542641579709,0.0737606224812223,0.0642959411497381,0.0314047171897642,-0.0306833275716963,-0.0284630475769463
"321","91963",0.0371575816441906,-0.0229679650881216,0,-0.0111919013752221,0.00761178894585289,0.0857792144680803,-0.0090925070407028,0.00454969812799469,0.0325438438310639,0.0922278524978631,-0.0369667516155279,-0.0311872909668065,0.0388532853419142,-0.0420040032799023,-0.0509567309556008,0.0454764794530441,0.00764199278411633,-0.0201742812201677,0.0372224982149337,0.18845253561067,0.481118349452013,0.0185591314301308,0.00100755255338039,0.0610749547531725,-0.00308203152140411,-0.0294667543569067,-9.00742331521794e-05
"322","91977",0.299539560218651,-0.313014616908651,0,0.0127727209881373,-0.0546863658665241,0.677706748304992,0.437067930495303,0.300617019281878,0.290348794748626,-0.116985858062742,-0.533027951660366,-0.0105845457157787,-0.0704654431127676,0.0798194990959203,-0.0831500720353297,-0.0483885273333837,-0.281150177102905,0.123422152546412,-0.114234959237015,0.318799238184982,0,0.335981241057362,-0.278322312919703,0.223088693442152,0.00703942109548951,-0.293012343290573,-0.91083840713154
"323","91978",-0.0811359021524843,-0.0461043285316293,0,-0.0801993049469079,-0.146176324877394,0.0290131171847816,0.0701088930234395,-0.0252646873921605,0.00376681113625279,-0.141337870906373,-0.155728913067895,0.133312112896574,-0.0666158894341554,-0.263685957848195,-0.311057982792589,-0.154784093582289,-0.192151245301744,-0.2800859325946,0.296309028974525,0.586025033716821,0,0.102144914444907,0.318793328939319,0.356092911804394,0.136018611198614,0.393808652782647,0.189638334097079
"324","91980",-0.0275031835681661,-0.00413147586882162,0,-0.0362899054637161,-0.0402094712080299,-0.04911168209831,-0.036958603369496,-0.0397304480500838,-0.0428161157000527,-0.0426001364326776,-0.040850778574498,-0.0665983704820916,0.0404775061252439,0.0436358563545901,0.0732495774069795,0.00707920188525161,-0.0015445201888289,0.0122694173703414,-0.0212464156619984,-0.014909435018806,-0.0339143139893219,0.0062598728695173,-0.0346861803293892,-0.0306352334936242,-0.0159330154492115,-0.0365899708495853,-0.0391347716729084
"325","92003",-0.0899845628289287,-0.127760328796083,0,-0.0663110487797565,-0.155953186189787,-0.144273711423118,0.00836756140662575,-0.0580087239832013,-0.0504721324285951,0.0134011299415032,-0.199202789228866,-0.360949959829051,-0.0130415674528501,0.0304857198195057,0.214186597832076,-0.00612818089936907,-0.0253570530454978,0.0312242329189564,-0.0420771703517015,-0.14458488649801,0,-0.00643169006261165,-0.00212438347707216,0,-0.0202887550055987,0.00504715734951458,-0.149683473200576
"326","92004",0.0726286138008088,0.0321197896497805,-0.247039574174587,0.073460378140453,0.0717532599792175,0.0534159269909641,-0.0137791037173666,0.0853243405919423,0.0448487510418771,0.0448695781526674,0.0716035506047115,0.136597571931092,0.000492965635920516,0.00538329906502713,0.109653522161654,0.0460776497948447,0.0478387806167084,0.0566879588457975,-0.0243512333792439,0.0274143665378759,0,0.0683498792348578,-0.119424055630628,-0.176606238522181,0.0425898343855811,-0.00329435319424171,-0.160976612005234
"327","92007",-0.0936075371872254,-0.303835033507704,-0.279210519652213,0.0301485834194998,0.112525443690261,-0.269740381103399,0.0328782299613309,0.0840588750227428,-0.142473072220422,-0.0265184056009702,-0.11567271255646,-0.505637229250506,-0.0395671453505119,-0.124533527649863,-0.248735096472761,0.115107191658254,-0.0321088310025627,-0.0483056404343698,-0.211093004770179,-0.315801823248462,0,-0.228882346327742,-0.0846393376150276,-0.0298833567665473,-0.09637278002075,-0.0832511318542599,0.255808810443886
"328","92008",-0.117577804094616,-0.136380295545922,-1.35593679311935,0.0180062091193187,0.319872930424326,-0.616286656228759,-0.198464127559237,0.147809275261029,-0.0768327034675993,-0.0677355009833144,-0.247188692505237,-0.74226729615532,-0.0370276921612241,0.0506796429229297,-0.0270004838390265,-0.0277220905204526,0.0455680045516161,0.133528429377503,0.206201744655441,0.367779047341606,2.7037866756163,0.0405054173587849,0.289165724914197,0.602544245415778,0.0163525996215211,0.11294595844355,-0.145080562736722
"329","92009",-0.232712397521213,-0.0529788066036472,0.797953716058886,0.056089778902102,0.232209371946136,0.588507657010398,0.0785562861327914,0.142121199812849,0.270517367825987,0.0390806221026934,0.117093029361261,-0.341450481881933,-0.0160710357053013,-0.0507631528235996,0.0570711034103152,-0.00887999007806864,-0.0171236253596908,-0.207968771281616,-0.586905774309314,0.580836782458841,0,-0.246752735206666,0.186778313155258,0.0927737985486548,-0.0174216811753215,-0.0570601654777441,0.195478542968942
"330","92010",-0.142134971540324,-0.0591461917378988,-0.320362331102453,-0.133478673441786,-0.0917377069228513,-0.181825280858808,-0.0622979205541747,-0.125528712710121,-0.0679984816832054,-0.0898921026135496,0.426330708335382,0.710633550219637,-0.107046358712271,0.0461392184062708,0.096348708222018,-0.0589982051952258,-0.036138032407625,0.123161811877862,0.0224845650621792,-0.0317540111346273,0,-0.0469964825591089,-0.0883295640422501,-0.358979216489669,-0.0805908976027787,-0.308642360207187,-0.374624558263519
"331","92011",0.067382391320852,0.0439298549214111,1.5874229919585,0.00625295754953896,0.0632576824871856,0.49390700254746,-0.163236094430326,-0.0550910074521119,0.0291507122665368,0.446236351413457,0.456893039581352,0.149453160948461,0.259912878860454,0.387271705580018,0.322980616494905,0.0954197707140287,0.0433401437479552,0.106589343111272,0.167191224287083,0.0257575621726782,0,0.258029132547652,0.317751853146876,0.405344386593304,0.0224914424687799,0.0991280438691693,0.049725516310124
"332","92014",-0.146658988509833,-0.517387917450422,-0.613477763776332,-0.111336042569447,-0.0706153687666931,-0.119123656524748,0.145201487397021,0.0950180977132627,0.299841833598671,0.284099414726964,0.277812179565775,1.94809350847098,0.0333116241318223,0.0146157003502402,0.191687541662464,-0.0209919758823254,-0.102960506498009,-0.0331566045832199,-0.168961663885939,0.11489220335655,0,-0.00959924529549475,-0.0643354960098342,-0.172713584733916,-0.00161369200760263,0.117968670806807,0.0307720625797638
"333","92019",-0.313822528053047,-0.497748022945924,-1.10792250926897,0.126999385921914,0.273141355818885,0.027841303481848,0.0906775767471802,0.11544307526999,0.318744887508953,-0.323933495799708,-0.900438577947338,-0.851510370903501,-0.248377259879405,-0.530426739758384,-0.0245988438445238,-0.0961892270265226,-0.289020902130645,-0.325653496534646,0.193685553492366,1.60534546237144,0,-0.0265150699820714,0.140653993552385,-0.318098444175266,0.0817858014517899,0.42024328891219,0.483235015413756
"334","92020",-0.568807856158011,0.629912117113735,1.02226622033867,-0.0441303094894463,0.335129947019772,0.948917675011462,0.18383429431076,0.329923089609858,0.614613223342933,0.0856947442923048,1.20929400778682,-0.697459477817647,-0.123057749314592,0.347828613732971,-0.520619963579939,0.352111886418963,0.174422023448114,-0.134321919177211,-0.400016559768191,-2.04279738772544,0,0.437112696230393,0.492093420448936,0.695511898054254,0.429946326443578,0.204823656464439,0.266643800291214
"335","92021",-0.433290547991073,0.665216768180728,0.943454365735051,-0.189209928222185,0.14149693336446,-0.000266954550528062,-0.163639254361161,0.00645058805755382,0.231316017267034,0.25021306906507,-0.0996592812992141,-0.456273300090151,0.215789741995958,0.0663150664184158,-0.124119618235961,0.0025545105480852,0.000908770353173535,0.0318706379316007,-0.0954228239231007,-1.48546970795353,0,0.275586838842283,-0.495105082580324,0,-0.0952265786300837,-0.61943844306774,-0.718783773434177
"336","92024",-0.200054618922404,-0.588640205454467,-1.24539708570496,-0.0647036647611532,-0.353942616195713,-0.528945727352903,0.110184179289574,0.254415418538992,0.135753249498569,-0.131269230646736,-0.841656728774672,-1.33131134445998,0.21195072724242,0.0553294566121102,-0.147582303101875,0.159241820106615,0.175609828242028,0.180572141817094,0.681187524437128,1.16362948552531,0,0.0173965730210155,0.115087240281359,0.107612375724066,-0.0787022490180571,-0.0155793985609601,-0.356181964527352
"337","92025",-0.196327526102246,-0.313994721475067,-0.95492841463084,0.127529552228228,0.299415309354259,-0.0386548878962025,-0.0694002502083176,0.119419550756874,0.462643964715434,-0.127413792635456,-0.00794671532728997,-1.23611626006162,-0.221025433604485,-0.383753639294105,-0.191498206579208,-0.123954083818275,-0.227272746858967,-0.269379664598987,-0.146828061376068,-0.0285739445888767,0,-0.106493923724798,-0.253241806111725,-0.360310722008817,-0.180583195933947,-0.419407454782566,-0.680797588418193
"338","92026",-0.614695955580088,-1.02280555479362,-1.95661885799758,-0.0726170650130731,-0.491142078675918,-0.48267101844922,0.062480982966072,0.254463964659766,0.0268848716437926,-0.412101993857177,-0.426861183257194,-0.394623947014478,0.11145794285432,0.0483341013568138,-0.345744111601342,0.209718607214107,0.310210857071354,0.291096380259167,-0.177224007965821,-0.203236037882786,0,0.0368802520309392,-0.375294824931141,-1.3042313709737,0.0262199907578528,-0.125432529613419,0.186295644495957
"339","92027",0.328820277464193,0.22214563883195,-0.838853129135372,0.18845949192979,0.125372244990994,-0.0276930131202382,0.168788055898688,0.0964648522124023,-0.120253945375831,0.115565614712677,-0.574667549334859,-1.14775173583256,-0.160597705085163,-0.280571328660148,-0.650191926538005,-0.017827451305551,-0.0479998220240506,-0.0300393605237456,-0.422752473600857,1.07085125221974,0,0.0171685351983044,-0.237788890396491,-1.23762630633831,0.0958054284759368,-0.00146270922630435,-1.04480366913459
"340","92028",-0.347678530713488,0.0457911384389635,-0.00508213917101093,-0.0247456420051409,-0.17389639178944,0.0576328076846552,0.14591059862551,-0.0340790625300221,0.0362865377912695,-0.0883790725868446,-0.221003392502338,-0.283956265669684,-0.0428402279879157,-0.275524316857884,-0.0278523046404143,-0.057137668939806,-0.0280594626209239,-0.110729951146055,-0.717509713413033,-1.03093606274823,0,0.35349312321986,0.345419552647049,0,0.255133878361637,0.456791456169386,0.53478262085891
"341","92029",0.278175948632284,0.304362384433269,-0.172999390747188,0.23393110120868,0.30025365500233,0.0888632409247404,0.0248964044357388,0.108980706201069,-0.0459741783814132,0.0112980352032618,-0.0617621371350535,0.382243754367308,0.22439921858459,0.128853628977569,0.520728559252691,0.149506618486031,0.173002957599166,0.215711219573215,-0.233949450004786,-0.708205571028777,0,-0.0870480708325161,-0.21802011111543,-0.384210683427095,-0.0522309143602245,-0.100234068575103,0.0163071477610609
"342","92036",0.237253147430276,0.112565975702263,0.443037840290729,0.0545937011977097,0.0121737699948477,0.164671830057369,0.0291874559660929,-0.0532158863115766,-0.0116417771929967,0.0701628488804496,0.112271621622703,-0.133189230718433,-0.0178798428494779,0.146593950254664,0.0564274982544989,-0.0262727307504768,-0.0458899234450114,-0.0577378475144327,-0.0146318850185743,0.0970758160363098,-0.0827778701329373,0.00234709111615871,-0.0298984679698638,-0.0902667126166094,-0.00257429690025295,-0.0649425360871752,-0.00350192723214341
"343","92037",0.40448669683704,0.364308444591108,1.31387950402743,0.139423560500447,-0.133324896175392,0.568971067089578,-0.150547051733444,-0.364253267021946,-0.186786165291252,-0.422383254445791,-0.432985339835526,0.759847715129443,-0.3598321200665,-0.508267807072327,-0.527924489155422,-0.203234326324891,-0.388644565385025,-0.519672897132863,0.480116012569783,0.622722869308241,0,0.193792263388022,0.709695585099369,0,0.175287982497182,0.255505218391385,0.567904246642619
"344","92040",-0.790381618495546,-0.993806894715216,-1.81579254262648,0.0697074491745359,-0.0754489508442418,-0.881204766072241,-0.0478667452588211,-0.132433617002054,-0.381535932288964,-0.27964594648254,-0.664964341743469,-1.23388792222245,-0.259278358586261,-0.829469518747565,-0.467029172743635,-0.0467723587481288,-0.0740114390892821,-0.389564638669486,0.133741720389569,0.660996219674933,0,-0.153304437523773,-0.00221638033508235,0,-0.22649621964594,0.357284680582912,0.583877354201442
"345","92054",-0.238893609126203,-1.1873953159585,-0.603682300946723,0.0772332391467612,-0.925145835672337,-1.26247136896055,-0.075816543537536,0.153249510923385,-0.864108169435575,-0.279754579774839,-0.653180926749481,-0.0592592456997681,0.157982091266483,0.228811778581387,0.150700287796178,-0.070801336660052,0.29627244639637,0.397658090216374,0.259018678237051,-1.21834305564728,0,-0.122649728281488,-0.0358432056872549,0.818410104419547,0.0229370481977518,-0.201713316292347,-0.0194261500548814
"346","92055",-0.0298968121220325,-0.0381532804516497,-0.0600629340838478,-0.0263209274311822,-0.0343910518301085,-0.0429820106871502,0.00508571833355424,-0.0245952035209421,-0.030222976937679,0.0400970472277323,-0.0509651587151295,-0.0788872195218564,0.036871388820651,0.0672076003707873,0.0834897963820904,0.00945969496475197,0.0245068768326992,0.0442743289638677,-0.00980592306804411,0.0380982817688935,-0.0982420483967514,-0.010059862354179,-0.00343445368770303,-0.060007114830363,-0.0160139778241917,-0.0214695194459108,-0.00422388945857279
"347","92056",0.215302312052847,0.239834715536798,-0.369141772871597,-0.0393308808119818,-0.148594269300633,-0.015649690420968,0.0919599095624348,-0.0622398651531973,0.543009332301771,0.843811398480589,0.864835668098988,-0.296019173821972,0.449904369276936,0.272345613738342,0.0349543051624688,0.190438046181231,0.162036018585801,0.0397378895596599,0.28982948296796,1.41012497284234,0,0.220922663082633,0.401441313607057,0,-0.188694594153255,0.194886071223257,-0.975908857230871
"348","92057",0.0716094870623698,0.153845482692204,2.30950783093818,0.149920415200525,0.671456051492968,1.51502009376893,0.114594652188104,0.094650364055567,0.15029958133552,-0.217997449709332,0.0204551777962065,2.32706444038657,-0.0426638611835744,-0.197598125323037,0.265080032908485,-0.129494145561712,0.0415380699774341,0.151744605550469,0.449558073562102,-0.518696298584568,0,0.399539769796124,-0.0687854732321651,0,0.105863978329363,-0.067277279069205,0.794829615570042
"349","92058",-0.0274378342177101,-0.0915755472536008,0.351255392997982,-0.100432000069542,-0.0884005168907478,-0.263609981200338,-0.0889244031666072,-0.15294787879157,-0.382605764426226,-0.0722900960594725,-0.0643972274183002,-0.0435991937223412,-0.0751819283892234,-0.0983007627429005,-0.0380887557506471,-0.0318362844816002,-0.0948541396722354,0.0712855696550024,-0.0876786773917145,-0.0959261252917565,0,-0.170890599742831,-0.0280778638328544,0.114045933925265,-0.141977389020501,-0.233997843522411,0.128132750863249
"350","92059",0.00501501409802473,-0.00107949279781218,0.00843760621419826,-0.014458315182427,-0.0652087287327149,-0.0481114489107616,0.0400590252495323,-0.0331839969715686,-0.0413448625754242,-0.00529332598251908,0.211809567380994,0,0.0946792462815812,0.0450954783745006,0.0923778741715948,0.0596365343731395,-0.0275608943919615,-0.0202673463474745,-0.0561933870577477,-0.0141425126026215,0,-0.0733631885398477,-0.0702554921020436,0,-0.0806572252557577,-0.0693002648757714,-0.0950661080788373
"351","92060",-0.0132827091497642,0.00546989347941151,0,0.0106132966780284,0.0368937842511921,0.121079898502169,-0.00198133158146756,-0.000639405270981586,0.00938124200826491,0.0570932492989377,0.172114927278445,-0.0755368452927112,0.0100571644187572,0.0381984872100023,-0.0539304472609453,-0.000601546615405458,0.011556542515893,0.027291064478515,0.054073707974861,0.00609986457223043,0,0.0622397701535917,-0.0238224767579806,-0.0181487740003435,0.0214253399772752,-0.0171221757058419,-0.0148334823372103
"352","92061",-0.0949035898212503,0.0913318100453199,0.24845361084147,-0.0195345218977568,0.0256395666662366,0.0306527261134013,0.0282907913381413,-0.0250598207110183,-0.00937562313579249,-0.0750025902727123,0.0132854064013898,0.242811778859631,-0.0841672452989775,-0.00771921431960124,-0.0197125022331039,0.0104325263294559,0.0659116836186219,-0.0084885193600738,0.0852426483820403,0.157828595144221,0,-0.0138596585490723,0.00485766911504317,0.0302970202766882,-0.0199871636056427,-0.0292105209977908,-0.0494433817811395
"353","92064",-0.211453765791527,-0.146970160135492,-0.175887612286651,-0.442176481537861,-0.701974407179952,-0.445095112066223,-0.426082547751277,-0.364019627328573,-0.426674518984648,0.177682936009941,0.177282320535138,0.606497235344868,-0.112693140642784,-0.172661906689246,-0.360931924680377,-0.120283673753739,-0.160705509431416,-0.202186095508499,-0.0434168842941782,-0.440489348345673,0,-0.0890540928275236,0.347908446185065,1.32115944821574,0.209055125186887,0.331158626337216,1.43227076682393
"354","92065",-0.211161102664418,-0.569167859851877,-0.721728482928637,-0.149996298638232,-0.0998145889636046,-0.222524898188973,-0.149233822925178,-0.135369797327149,-0.175382551521402,0.384381405066422,0.0028937596706699,0.257794491799392,0.147892727424452,0.468173102371416,0.133607728039913,-0.078643447425334,0.217204234063197,0.377023553391238,-0.457012867914968,-0.527024594747297,0,-0.0446235129139781,-0.0513834474282038,-0.36677332699452,-0.0574552163009559,-0.171689664919889,0.165227154778403
"355","92066",-0.00716947911867377,0.0133637065227709,0.0347559099113015,-0.0113692757892551,-0.0156235507311932,-0.0177679684728166,-0.0110584916407112,-0.0146732815728032,-0.0144362689199533,-0.0103652519411539,-0.000217200329146402,-0.011607233094205,0.0174761858853551,0.042349268806031,-0.0108812948936088,-0.00124927400327247,0.013229149034091,-0.013980002995168,-0.0171288484390136,0.00491731567692415,-0.00464522884151142,0.0136954623898713,-0.0215677378344096,-0.0202652190632534,0.0241198262888611,0.0136078199271077,-0.0162593526853662
"356","92067",0.0300468167911428,-0.254136716632586,-0.30050782880877,-0.0979745228443916,-0.21167562963524,-0.180989408095236,-0.0637668929215499,-0.0826459495831487,0.0091472442352723,0.027102266714514,0.0454068749819344,0.229159123040884,0.105119826481456,-0.0293465046693979,-0.18554468733427,0.103306892777893,0.131822178353963,-0.00964207765310428,0.00621774177162069,0.369129574698782,0,0.0281142399215651,0.103087584670764,-0.104566921598623,-0.0804106487133174,-0.0120554178353101,0.00105515835622662
"357","92069",-0.383949752670803,0.250824301966874,-0.654234972313679,-0.451092539913039,-0.113198331595858,-0.292171164078475,-0.176149765454988,-0.235518029189671,-0.12578070679809,-0.257409713749038,-0.266323346893358,0.756353988191761,0.0291751317989021,0.188449949317764,0.396130122356983,0.118332638462852,-0.0290251104497828,0.0639933940964824,0.155791837532106,1.05772982574279,0,0.0737681536690396,0.658780124672977,0,0.184888497069963,0.0811453283999377,-0.148100303595062
"358","92070",-0.0118961423774252,-0.071824138919153,-0.00334475980738419,0.0357190008414726,0.0566234879214427,0.111710997609124,-0.0043712917951782,-0.0132294945605785,0.00272230610127153,-0.0641193498470608,-0.0471275028366211,-0.0461079876402257,-0.0754097366023857,-0.0587970925848179,-0.0627905946345093,-0.0760581706325505,-0.0840154328265924,-0.0775378494018689,0.0754988429309373,0.175712714258016,-0.0968293960304279,-0.011911436548282,0.0101764302770635,-0.0823426206828563,0.0747445675555123,0.0798489159766507,-0.0178195058709708
"359","92071",-0.451643640475785,0.0284924565887696,0,-0.343581560945394,-0.521719994190046,-0.861952768553978,-0.375790680678577,-0.408154023836754,-0.343274610390035,-0.404180243563794,-0.18669896911763,0.00751274901025279,-0.0898938127140028,-0.913233121212781,-0.885773206928416,-0.17288208939916,-0.571868156576064,-0.813162309672907,-0.297460532238576,0.737698766437146,0,0.022049884227025,0.351463819751124,-1.03596544969565,0.163420729642928,0.416133745221747,-0.660992161281078
"360","92075",-0.0621807272132868,-0.574839018814889,-0.605135277165474,0.0150875765379562,0.00830857585055714,0.0423164192509264,-0.0273262209919622,-0.0896284620182914,0.102787690861548,-0.101971495712151,-0.0103386761245411,0.0362059445890816,0.031332335778417,-0.0120182139257158,-0.023349071925983,-0.135149546225102,0.0157835791079613,-0.0244321744709831,-0.0159354407458353,0.703639775560481,0,0.0792782373774107,-0.102553475422031,-0.235735006999438,-0.00968438016915742,0.109297344099129,0.272670537941122
"361","92078",-0.474874750668385,-0.0370822047101288,-0.0348795721396136,-0.366141602397661,-0.65829496175786,-0.927713722840736,-0.242731423098813,-0.432327995724857,-0.415014027630984,-0.109029851429772,-1.25162357915143,-1.5712230316232,-0.314513849627416,-0.523088615086908,-0.410953651925502,-0.241226118246035,-0.288478728841738,-0.468094998624233,-0.605042171475698,1.26451267423633,0,-0.0194457802193675,-0.149897129461989,-0.500026104426815,0.040303621408473,0.205479769354888,0.667013340653332
"362","92081",-0.0508462226576204,0.31546793992216,-0.905456587923904,-0.000212272501948937,-0.0333685137171302,-0.300779622601507,0.0127326734421234,-0.00143898884599547,-0.158501345730701,0.054764087366641,-0.111503235649644,-0.0475065894089962,-0.0346268437412396,0.0041439900549114,-0.0746495845385828,-0.0661716460500827,-0.130156729981377,-0.166669894681572,-0.372533161081198,-0.353036242100124,0,-0.0479423212583476,-0.297763696399354,-0.24579387162435,-0.080044039963162,0.134655170072151,0.131805832299992
"363","92082",-0.0556807783184612,0.0968492594999378,-0.118003038783071,0.168589696729886,0.153822690623914,0.0652228267278935,0.0564701626012513,0.0797511281803693,0.110850078762952,0.531293865494047,0.56859640065226,1.19082333357135,0.182772671802899,0.299071333911094,0.238798723815301,0.120144431303489,0.244434412901224,0.412787028537097,-0.149966873703822,-0.604713258511166,0,-0.00773311308018287,0.112101003486125,0.278209391297767,-0.00437787899111623,0.0106624767711059,-0.22425174746002
"364","92083",-0.674803929704267,-0.797347623867549,0,-0.164592188689759,-0.0203486980204596,-0.20394117907379,0.0247552086119495,0.385714924466649,0.584437103364315,-0.290281947996919,-0.681413044955702,-1.44609286092329,-0.0930156866904406,0.234529913220869,0.290180198032454,0.266074444593364,0.66490114220134,0.986853253793848,-0.0143139927406197,0.361783555497954,0,0.0206509790704936,-0.538022304191187,-0.301431393963195,-0.121683714744051,-0.672949188770601,-0.540583261551338
"365","92084",0.149246480586526,-0.0257816677742301,0,0.0467467798252328,0.412385358045605,0.933655515634122,-0.023086138370153,0.13393330666753,0.296963004056176,0.149483457979998,-0.872468905593407,-1.40800542287001,0.061471626980395,0.0461646743344945,0.365793501433665,0.0754763332080478,-0.0514660397455082,0.476088460870129,0.233882786531979,-0.765820174805631,0,-0.0955655951725049,-0.543923708933564,-1.37090167022506,-0.219084645094726,-0.11570523889865,-0.478274717939926
"366","92086",0.042173863263703,0.0694090465312128,0.291500783849665,-0.0143326806253166,-0.00286568102799479,0.116284432074401,0.038904226081983,0.0549119739605555,0.0782445345232155,-0.0189654377188989,-0.0467825319962179,-0.0491456222996641,-0.0408928489195505,-0.00561994898670954,0.0225661112857604,-0.01153131961241,-0.00511618404631372,-0.0490074848358939,-0.0264178036082041,0.162983343797611,0,0.0639033930063622,0.0328966829005757,0.0802268905494362,0.00655930047027447,0.0181274110883439,-0.0012281546598303
"367","92091",0.0903757167788621,0.321049298251901,0.499559763022779,0.00914877138313428,0.0611005638276661,0.0444905266491055,-0.0208986876638242,-0.000211489887594533,-0.0124636751181926,0.0835193331094451,0.23126676967899,-0.061007362201357,0.0696410691584736,0.115070954365668,0.0204485304829499,0.0301106355928831,0.0854862532802201,0.081217486868417,0.145590495977688,-0.00999311779261342,0,0.0577163741124766,-0.0364695873384561,-0.0447692410074856,0.0596877051529863,0.0372650555155899,0.064961764289505
"368","92101",-0.132252536929103,1.09909226813317,-0.918913773767342,-0.121769157368906,0.664296043352877,1.21903730141858,0.260414181692422,0.586350696942196,0.903921949455756,-0.588700185423825,-0.387400609641973,-0.452631809688118,-0.344960921737038,-0.0795736017061299,-0.197557716021276,0.00306663047873948,0.213253948119288,-0.135989410203476,-0.114800097803597,0,0,0.182687917965338,0.178199154811918,0,0.0817455240169014,0.0637142698914537,0.679122542128924
"369","92102",0.797827766483086,-0.10370824655256,0.260949459764212,0.179001066898587,0.0183920304345788,-0.0255360327936281,0.10777089211396,-0.0921027850572651,-0.32278790986991,0.642402642047516,1.24013751729807,0.708623990504431,0.225710153001045,0.0435509697004863,-0.11734056299651,0.0867308866946463,-0.0686113503863928,-0.0168041398170836,0.581050328379141,0,0,0.0969627718933805,-0.145643870469875,0,0.0509677370078889,-0.265187273717652,0.481349520842902
"370","92103",-0.457286207657779,0.225043492782862,0.333462728679476,-0.257541677651689,0.296140930257112,-0.317689846185901,-0.0131376548953144,-0.00224077075190884,-0.198442043946807,-0.187140191849908,0.296885373281291,0.493726239101412,0.289708246054041,0.13866372259763,0.306581395863823,0.198929400975278,0.31093754980601,0.25375856616199,0.206654367276329,0,0,0.439593659419055,2.29496121615119,0,0.299204520886613,1.36863687207211,-0.586498125180663
"371","92104",-0.0230841024594927,0.301706895473221,4.16243300889073,0.0532081779719165,0.138943432189674,1.23379470346503,-0.129653844898016,-0.0957319992594965,0.256724490516639,-0.342542606576576,-0.206266672895631,-0.789761542145023,-0.12434726957656,-0.281201086882106,-0.239338344678978,0.0411003641888976,-0.0158015923853347,-0.263973542488515,-0.230724274833062,0,0,-0.0906228903815076,0.303527359696922,0,-0.082601812943148,0.126105772810953,0.124617802644902
"372","92105",0.418093505447994,0.178379721445432,-0.119507759455192,0.0615133210497614,0.269772400423656,0.0200158893427816,0.0296260165099504,0.164804830375826,0.0436928485179097,-0.270728782640587,-0.449974251266946,-0.438017460558344,0.000633205765735976,-0.06217123659722,-0.161571187510534,-0.00886867188454863,-0.302198539184381,-0.0560611970443401,-0.439349917182589,0,0,-0.282770435461034,-0.558190538171281,0,-0.102502093082029,0.196528543225371,2.24538675423305
"373","92106",-0.134975070877182,0.171089673139305,0.62807294758697,-0.0859981725413014,-0.141007380073343,0.293716128927069,-0.0443259617881515,-0.174897068389402,0.014020807512045,-0.193415804228728,-0.0593337107843852,-4.84709289557546e-05,-0.118680200371438,-0.191192534354468,-0.219628276620012,0.0292738836180843,0.0996846311737413,-0.012554655820773,0.0329439002717571,0,0,0.058791741317947,0.100571543078887,0,0.117005037712713,-0.0313539796679839,-0.715646585398697
"374","92107",0.275604708694171,0.418401279786861,0.285692853868083,0.110035235099589,0.331600797115215,0.325190315329698,-0.000289427923398689,0.228427089442492,0.408386814261538,-0.372441989880678,-0.192031212108096,-0.23974914060141,-0.436436550410433,-0.35689820542355,-0.341709919141974,-0.149477276179392,-0.124730078310561,-0.0469225817904959,-0.217329642517645,0,0,-0.214959699963807,0.143366002345902,0,-0.0945787407670673,0.066239077052437,-0.670699965087589
"375","92108",-0.101159593187024,-0.281746952471594,-0.398483820192226,-0.138094406479038,-0.217770529784208,-0.365556115735512,-0.0804133069126023,-0.109664713526158,-0.0976485100710995,-0.145126470293839,0.0205011742944164,0.0662740974304912,-0.112728521710659,-0.0860944584039696,-0.0123591523334776,-0.146171832748342,-0.0307001188350195,-0.0356939349577904,0.00190136498373922,-0.2692963368182,0,-0.0401493317011263,-0.300057253071144,0,-0.0678136450120383,0.179924887627062,-0.339788228180461
"376","92109",0.380717305016512,1.69896478564498,2.46598930555829,0.134209155543826,1.08584501253972,1.69119009268137,0.278661981307223,0.516238606264708,0.206633031601366,0.272012564895079,0.34386430709286,-0.362575861467954,-0.00466758215355427,-0.437937158565048,-0.463094705687201,0.178734646268593,-0.0977659453062375,-0.304255765554559,0.0774349384616295,0.768884833947621,0,0.0392007289469162,-0.181359896283722,0,0.00202089003798099,-0.24602081547516,0.0862536951649209
"377","92110",0.0319479347410918,-0.314691235792316,-0.864377319513571,0.253936426662457,0.496368228463563,0.487199921471018,0.0227858281835786,0.290438355980754,0.549957969229768,0.210870661093487,0.160294135242324,0.328840243583187,-0.113490956529155,0.0158769371271247,-0.041676414272574,-0.0894746494511742,-0.00956963353762341,0.0473571646355937,-0.116250454490838,0.351970497969021,0,0.00564575721199709,0.491210747473198,0,0.0413079730934972,0.413244037896707,0.134706095342392
"378","92111",0.0724075233305711,-0.0354433088843654,-0.0162658989246332,0.159808897193623,0.254600085045475,0.671422775131191,-0.0200376830679697,-0.15034457376311,-0.0448111207950307,-0.20557995507803,-0.010186690352581,-0.154609229450619,-0.28365933416082,-0.435069862089819,-0.243962800594576,-0.181375561009095,-0.122263722753799,-0.268816843319876,0.351180558948317,2.09287166131187,0,0.0420089538500814,0.194454325790325,0,0.0279075681184899,0.00489318839391644,0.0148812931207985
"379","92113",-0.0280944148188243,0.0478792788727253,-0.577294880352464,0.254829180036787,0.105580990268107,-0.0528718435936016,0.100323688362763,-0.181376976198891,-0.381083068348611,-0.188166951308914,-0.806259236754185,-0.915410879287195,-0.677630627468236,-0.321157034919671,-0.345408204931618,-0.452836748336768,-0.231913890025896,-0.143127295268286,0.315271415164179,0,0,0.456084526899486,1.48658466478711,0,0.148570886933256,0.561836792139718,0.216880982834227
"380","92114",-0.167158901657504,0.851670171040536,-1.91012994523827,-0.222003765701607,-0.232937373437949,0.260508183506916,0.0328851373267097,-0.0283230817809695,-0.115908427338403,0.00344994724882871,0.627334459592436,0.301704197308159,-0.113366995556465,-0.0503626974439823,0.03402108960657,0.0291224714909668,0.486853457841163,0.702651333251294,-0.65724369962759,-0.729374332528548,0,-0.258611708622078,0.599322893708547,1.4157641133336,-0.0294717263992249,-0.409123441014499,-0.146531740644683
"381","92115",-0.290459950451091,-0.274128621250864,0.173115281715295,-0.0435553758046038,0.0658176390531839,0.374993841035866,-0.235382252129035,-0.28134754056601,-0.294656992085589,-0.600296640930652,-0.377332705220286,-0.120415160318786,-0.328251021628171,-0.130508492424493,-0.132865262102768,0.173022761162588,-0.114100552561475,-0.0633902742023655,-0.211944708224883,3.06998989654223,0,-0.029077642964922,0.695344630557444,0,-0.0706543220495542,-0.0924611191690122,0.646689136906076
"382","92116",-0.020431640433264,0.536175160573491,0.0709653299611755,0.0861473865338783,0.591633550997973,0.804384733228159,0.0271224928970294,-0.0043673286289058,-0.104604462176257,-0.0462099405399026,0.0921115200280714,-0.1123194461727,-0.196395858661391,-0.21340093654432,-0.335256373673215,-0.0550111110502169,0.0115665559230496,-0.0710523037824688,0.454163000911821,2.58433749676801,0,0.0239006188363698,0.615495864575612,0,0.11935786239935,0.0416947927345439,-0.407556489277938
"383","92117",0.25179159506839,0.104953572443808,0.646489805565747,0.195434730939997,0.0825986549085355,0.0860029541100027,0.15039101114663,0.369520209328225,0.183531770011126,0.354391875016383,-0.36951137941217,-0.86223513162532,0.043751878465325,0.109353351288605,0.162698933626256,-0.109923612060468,-0.209535138383682,0.125284115234031,0.0530557935364037,1.05977749667217,0,0.273236548657238,0.0721351344620918,0,0.127583502084581,-0.0955653034068699,1.51236955985336
"384","92118",0.159944949541377,0.237792534630874,-0.724142613195166,0.104398181127573,-0.130198393349368,-0.506917220936622,-0.0414092826225716,-0.175175936018498,-0.26032621826938,-0.125589610667253,-0.575728347050042,-0.427249167971113,0.159949840379171,0.0965932224523432,0.0382989214905436,0.0603620216423566,0.0437687483460105,0.0149769455947574,0.0165567584130168,0,0,-0.262275644379543,-0.508278021042768,0,-0.252139180393671,-0.357125320858196,-0.602724992585705
"385","92119",-0.310279012797645,-0.3841545120409,-1.25746604914326,0.269566517881984,0.216529592198029,-0.0517489451959657,0.288462424594231,0.186589031366272,0.226083600686086,-0.186108362347272,-0.266223046289089,-0.214616074933279,0.124226788193751,0.0298043816897685,-0.16615300577997,0.14003134995626,0.13303513815999,0.0450633530391823,0.0527089035834989,-1.82477918073382,0,0.0168796539377779,-0.385093018956152,-1.61226239648448,-0.0919974173992645,-0.562899833394607,-0.502101567302174
"386","92120",-0.0845664000212451,-0.148235315917251,-0.937838524525127,0.107054183682962,0.0419430333979141,-0.482394317915693,0.162145299109997,0.273150805700975,0.0212381868831414,-0.104552597607097,-0.369628232027456,-0.354508542583516,0.0937855212391207,-0.108371324408902,-0.070591260316352,0.193239461035388,0.111426479022119,-0.131142020866394,-0.0574891670363189,2.50937862732372,0,0.0239229717536402,0.71837611390615,0,0.0130847910896191,0.34206265691432,-0.93553384662966
"387","92121",0.0114318917863836,-0.0126784781147243,0,0.00151560765307313,-0.0575070994424009,0.0591136992056239,0.0434144769602467,-0.0107254240406941,-0.0943685491774987,-0.0427571239437896,-0.0308388199585647,-0.040208920073207,0.00595557071793685,-0.0395450421116409,-0.0491598690287951,-0.00913452764499379,0.00379852901938182,-0.0586558960114972,0.00527604378294556,-0.0467639885882616,0,-0.0583647034347026,0.0595486188334288,0,-0.0258772106384779,0.000485085294250321,0.0644492443119728
"388","92122",-0.43476530567829,-0.41554615606634,0.195695385042253,-0.0271400696535488,0.0480955727979616,0.520612474256845,-0.0664249776733358,-0.0766845663401165,0.170090544500791,-0.394133929154371,-0.235859225034316,-0.936364903496125,-0.204203577435472,-0.32325546300098,-0.424894525886959,-0.0338613712997759,0.0254789702220679,-0.235376853065089,-0.207099762697618,-1.57248241501581,0,0.0616228930477118,0.26660843866559,0,0.202521322738018,0.973287026958992,0.177473277106189
"389","92123",-0.387664024238473,-0.346205051182596,-1.04759564220188,-0.0684680050956758,0.132180082545982,-0.804783350250208,-0.0183287304787808,0.0171589678767598,-0.161230825950774,0.132971532868722,0.00966441076580908,-0.0155667927915545,-0.144158333750984,-0.288398244685836,-0.351087640748244,-0.177406291498897,-0.39843716238754,-0.364828094365574,-0.153534545081661,0.6903323435907,0,-0.274737189952497,-0.799973786690869,0,-0.185906843011213,-0.597477445563685,-1.22176098148516
"390","92124",-0.259712304662124,-0.0469415952250215,0.338411134577934,-0.263624362033469,-0.0567328879478832,0.0477977715471839,-0.0499078783036341,-0.0514059063156611,0.0371944353598311,0.0160744402909704,0.15507259919539,-0.0386945015553931,-0.173526980985178,0.0688243146462681,0.202089545401891,-0.0313567784982591,-0.120676676799459,-0.0251524049895983,0.129260304831666,0,0,0.151376252071026,1.00941136679289,0,0.0765514222532756,0.171150887618702,-0.436744356758059
"391","92126",-0.0707787689112632,0.030923783774627,0.0505599585744717,-0.255512359124547,-0.0962813934854769,-0.183806171850198,-0.179342198026068,-0.161421841166536,-0.471242874300143,0.743850055179811,0.638222297153738,1.29936540860694,0.145138164317118,0.204572338235953,0.302277153001427,0.0477990386133195,0.10432178063528,0.190194283690234,0.253878432062438,-0.288824951628419,0,0.00315425561784009,0.626503506731309,-1.55519947650494,-0.206882589713097,-0.0604264328683958,-0.942644348524636
"392","92127",-0.0591350849088814,-0.29662710383844,-0.52975784609267,-0.0887562567461814,0.00608237859214628,-0.513598191042322,-0.0917009013717681,-0.167252515870635,-0.233580590547744,-0.027257775953465,0.179999678605501,0.442630878033185,0.0293954795781195,-0.102659806884983,-0.0575519931079929,0.0808869401876348,0.0736437477535482,-0.0509424418854496,-0.186748400481172,-0.282935403245945,-0.0416933564188457,-0.101928875735634,-0.185513778293268,-0.444395072007852,0.0207026162844141,-0.0474516839563401,0.181179879369128
"393","92128",-0.298620861168182,-0.25065299048491,0.213781372227582,0.238277182273706,-0.155390477265778,0.534087847937134,0.0306302965183218,-0.200300708057399,-0.236743756036787,0.0714602351229901,0.0970854596641148,-1.18643259567433,-0.385080592528435,-0.34615090981922,0.014625388230587,-0.371695746745763,-0.27584564035095,-0.0260207215294101,-0.121441934435998,-1.28650497683228,0,0.179791376018716,-0.12264938341274,0.413621762143947,-0.04188642265095,-0.317447412267449,-0.432534601075953
"394","92129",-0.165745485662694,-0.227051840110775,0.775651442679667,-0.20057195471034,-0.240197068298365,-0.278625533612271,0.0302705712364415,-0.110525826329223,-0.294582074443636,0.670169242565312,0.595979056852067,1.35843484341063,0.234391814210347,0.233179321331212,0.468251803911176,0.0200399685826166,-0.076319091447431,-0.235605350032371,0.0788564366884169,0.954505409161942,0,-0.144585357896824,-0.123490923281984,-0.486735411679839,-0.205794237845022,-0.328189014259447,-0.411351411702057
"395","92130",-0.432583452724098,-0.575877069679315,-0.343142517336257,-0.0783403362017282,-0.291230688584777,-0.0814322383633115,-0.0222611257730041,-0.183005386978479,-0.157543394062016,-0.091564156916097,-0.0813803490386131,0.607709693854956,-0.114556658197793,-0.0457445484150432,-0.110098973578867,-0.159027840944438,-0.16572961644801,-0.234645400882463,0.02800303380537,0.584778082171646,0,0.0189143702938567,-0.0794523687740603,-0.0968583938801142,0.0228199287423806,-0.0996096245416399,-0.12033851805175
"396","92131",-0.0938623134998284,0.365151123284518,0.351118830689463,-0.134481410151269,-0.0909404075949811,0.168546958679699,-0.0409771703257821,0.0652601462017443,0.0433952732865718,-0.0286322172038001,-0.163653743278387,-0.217696246340696,-0.00295371324831348,-0.0824681795563782,0.0628205785193624,-0.0595433680204279,-0.178470934958522,-0.0645910173634686,-0.117244995962796,0.410151284338564,0,-0.00727161738311947,0.109716593603329,0,0.0465838503714673,-0.126373068871923,-0.45819751364359
"397","92134",0.0617150989830087,0.0216107839326925,0.0370615198608781,0.0219250590404518,-0.00451585121227211,-0.00705563415915285,0.00856667485187733,-0.0119273626162538,-0.0103818251323562,0.0556735401894132,0.110646029081196,0.132138911916209,0.0197858768897507,0.0412070313549896,0.0401966132257726,0.00344392559346223,0.0188025338970533,0.0239811057777526,0.0590916113680404,0,0,0.0471735468475531,-0.0121321561628221,0,0.0172729957012747,-0.0100709524791344,-0.0252643518430595
"398","92139",0.283692616391229,-0.624789486060446,-1.41905339712234,0.175240671398272,0.142689146815462,-0.338792846505198,0.156038867634775,0.288083996646724,0.101403044242999,-0.164813575968893,0.0452112990429609,-0.845857547698348,-0.0882282847018065,-0.0935362331871405,-0.182319974435039,-0.0573956159094017,-0.157281760965791,-0.177914926757355,0.316607625127953,0,0,0.309107866386834,2.8510619171112,0,0.0973610259245016,0.344894103535861,0.457567258703841
"399","92140",-0.00175952255117465,0.0100044342627916,0.017640021097767,-0.00322546784699497,-0.00915118115828939,-0.0135755973612131,0.000942765466863806,-0.00303063659634407,-0.0055516181694909,-0.000878871903902755,0.00757347131818431,-0.00757498067235246,0.0023243329032527,0.0112952452120402,-0.00202301279917219,-6.65684371499304e-05,0.00179926954290482,-0.000913169172412752,-0.00228550502776428,0,0,-0.00474067821743062,-0.00957299524124436,0,-0.00922346283941961,-0.0109740126452732,-0.00731697157335673
"400","92145",-0.00407408552685508,0.0114128758464798,0.0255128195280092,0.0206513886919251,0.0427791005276385,-0.0145554499841299,0.0123743144313947,0.0172348897625404,-0.0131386030905283,-0.000153683317703436,0.00967284757194857,-0.00174695983050898,0.00167616717254247,0.0126265064082777,0.000620919645647744,-0.00380153406861421,0.000209684680947581,-0.00180046031855686,0.0632772650444712,-0.0441004792831348,0,0.0227486532690252,-0.0238429567888933,0,0.00595900669161603,0.0333924815222023,0.117138640461128
"401","92154",0.449600917783359,0.672831403205281,0,-0.167274789477115,-0.33233192869938,-0.0926529290876795,-0.237580276810516,-0.628430441142437,-0.00370941641263631,-0.531904001588715,-0.716725144583278,-0.747921445854943,-0.30986228522116,-0.165213074334384,-0.0251679046882928,0.0391972532182219,-0.33498432361144,-0.271379970739847,0.42825140703123,0,0,0.194882296676064,0.812933528780054,0,0.101620313946602,0.497679031424535,0.616777337769976
"402","92173",0.0401134520407726,-0.112250954695088,0,0.257946095368422,0.762061080583237,0.366933292620468,0.411503668729171,0.258447855525527,0.21857366303446,-0.349041166379444,-0.361173670276624,-1.0613472873392,-0.273247137899537,-0.502348979340897,-0.483631881658785,0.0622458354733855,0.00644772143418037,-0.0924326200854694,-0.118126062361025,0,0,0.0875460004946685,1.03122004663504,1.75555886501908,-0.12421560361081,0.309386310252411,-0.214087938233838
"403","92201",0.936761475783063,1.59861678480441,-0.475141846341391,0.171786494985489,0.501485938026555,0.388792619494967,0.0935309839522136,0.485328449556828,0.97304807289842,0.360430635879003,0.746066256363117,-1.35769615553336,0.554182153314591,0.735499789092042,0.368077530151507,0.227680793972825,0.350434899429944,0.338461059339913,0.175954315659294,0.075355225200758,0,0.0739530311800175,-0.320247727863122,-0.666917616741841,0.115014956953878,-0.169734797441537,-0.64075917632649
"404","92203",0.00911547692977037,-0.604499448195683,-0.348549668449444,0.105877638762397,-0.198773513156831,-0.319542059693581,0.117558511447189,0.0210978669540628,0.120880990192372,-0.416727483279107,-0.641306659212036,-0.154896680860909,-0.224516840332523,-0.522410280258688,-0.592682873179622,-0.13030191618401,-0.338295973092109,-0.378671384225168,-0.223242420586408,-0.0969630358757874,0,-0.101776838179707,0.0552462883220397,-0.0747800072966966,-0.000300151883194922,0.154918665939723,0.13846010175644
"405","92210",0.0555444440071833,-0.317487063937567,-0.297884081523062,-0.135214480083751,-0.111726011022985,-0.00801716236652391,-0.123470785664988,-0.162457794880883,0.00151894380024017,-0.193524283788197,-0.246312320908613,-0.44058140435979,-0.0894893135133464,-0.183424290424693,-0.161595557083863,-0.038071640139828,-0.179103829568976,-0.162285785589104,0.221209187359267,0.460086424052378,0,-0.000904416581403636,0.00404954892345608,0.0731113718863378,0.0104975364337848,0.0177846509498576,-0.0614615091838944
"406","92211",-0.0065707954844557,0.302145803824691,0.955397267486184,-0.129498552961459,0.178199888251303,0.0446752581739805,-0.185529698512297,-0.0783117115916774,0.0488568766140093,-0.0656457098157305,-0.344777887780337,-0.692534347710779,-0.510582318697359,-0.154486868166365,-0.0692027702956386,-0.246511377703883,-0.0186843220365602,0.0074423165873557,0.0559770714278834,-1.45049939813884,0,0.142951164717952,0.407100438933937,0.175909457549796,-0.0169421555827838,-0.177576964481659,-0.467344803016133
"407","92220",0.269693934886156,0.80176582477188,-0.418923414476225,0.157525358641434,0.190694333505809,-0.295171278518181,0.0183072501548984,0.00658470780165594,-0.286657292783358,0.315089929524665,0.121540223793327,-0.397906553834564,-0.157598762437391,-0.1227384982692,-0.367707037323061,-0.204589321489982,-0.103092319653843,-0.0642080289175135,0.39626812709769,-0.205292334799453,0.591706378323201,-0.0088412449051933,-0.512206925212161,0.147024662926934,-0.320964332801738,-0.716276173151693,-0.536175041273292
"408","92222",-0.00262713840696147,0.0166521507093292,0.0378898699094593,-0.00606331763807615,-0.0125980932512989,-0.0188702666490757,-0.00159073243958389,-0.00718983157419232,-0.0106596894628629,-0.00662783027813742,-0.000171881488043756,-0.0188829111853747,-0.00449375619790399,0.00647977333271123,-0.00779336586708692,0.00476006939442649,0.0213240622538675,-0.0164603257260084,0.00146035971329107,0.0104011821489633,0,0.0174541894357308,-0.00945994517565912,-0.0114335505189372,0.0159591143811882,0.0329239029374765,-0.0305908306390927
"409","92223",-0.230292560975452,-0.655337140170617,-0.251847130344161,-0.0981029997686389,-0.259956116842517,-0.394740521645178,-0.041222539524544,-0.0400586593126505,-0.11410516674459,0.0869023821265414,-0.861071900099287,-0.663524524201788,-0.110099440049306,-1.06629636999121,-1.03870964576396,-0.2112869876501,-0.536220286380743,-0.684933689090417,-0.107053762866268,-0.697385313754925,0.744777547115448,0.0308300526827378,0.112060837968945,0.0697186330495419,-0.222803305345359,-0.276023526876533,-0.256108722559536
"410","92225",-0.0283905616162345,-0.653112258524824,-0.895855583695454,0.308517668954637,0.426744472938157,0.135465802621629,0.199465763116713,0.480041785703489,0.420718128748657,-0.071429183506657,-0.175680533611855,0.327625169446418,-0.0529991452870188,-0.0679635595845407,0.0854477568900457,-0.127759237485858,-0.261892157217046,-0.359992137727256,0.297536144090424,0.0693160510002404,0,0.00813761957787901,-0.192062804770556,-0.875729818688688,-0.139733702425021,-0.364957612936261,-1.15927655333393
"411","92227",-0.0586568330005876,-0.219407751231324,-0.0996416621130464,-0.117723999161648,-0.454217067379293,-0.339920200884771,-0.068734231847781,-0.19688840780802,-0.251327079878433,0.541782214865675,-0.0675605877639349,-0.0878466610575729,0.115839369916137,-0.0839505091636214,0.401184743267705,0.102283365598856,-0.223231792508513,-0.119696799175406,0.179691427974982,-0.390139523494937,0,0.102338379281754,0.0933577259632023,-0.391545252681313,-0.0326558345029494,0.00416115122558939,0.295234764427225
"412","92230",0.155174577642352,0.123071837889296,-0.215006010545546,-0.0173803674804454,0.0400927603517971,-0.0132752910252349,-0.0450444537245495,-0.00910400906948207,0.0205567226179436,0.0388980672961466,-0.0575449883712083,0.00441678693613166,-0.0267427736637862,-0.0468565221746641,0.0871397811545969,0.0270902766266024,-0.00199312257589033,-0.0114992954326512,-0.0312356227218656,0.0688476363246732,0.776788747048564,0.091269655498329,0.0159946635589159,-0.0757350284606164,-0.0133425066566459,-0.0204288297776485,-0.157215642239257
"413","92231",0.142921462373751,0.217222628565143,-0.715263740244041,0.184899499192731,-0.312123892923448,-0.331083617046208,0.0770937187156545,-0.145762077333682,-0.714694695923693,0.352885219413104,0.230464412761802,-1.09011961352182,0.00388421763863693,0.000712497797469499,-0.694028128280563,-0.167661712973773,0.177698708855194,0.0356224420366269,0.190571508115906,-0.251127490591238,0,0.00501330872801315,-0.435401975089296,0,-0.0208942455498595,-0.0200067077518854,0.510460379520915
"414","92233",-0.113710405315428,-0.282305945109223,-0.269852996667413,-0.0768626229689953,-0.00614234709420131,-0.0913415989592728,-0.00893757329479203,0.0398658123368457,-0.0542949930623075,-0.189123334417957,-0.267993976485175,-0.289005150237312,0.0510770610981238,0.266820986175128,0.59199072371203,-0.001437658100398,0.143293864151165,0.179854527157121,-0.198367380879782,-0.319809073612272,-0.477784303985027,-0.0740950279700469,-0.119078107273545,-0.0494325371923042,-0.0452873541700298,-0.0262460851774974,0.120894892437231
"415","92234",0.291922014870752,-0.0903989513586928,-0.341412839829074,0.0860968176085989,-0.414819622986505,-0.646020938638699,0.0224286914654562,-0.48899300452896,-0.785059518432074,0.464904586649296,1.03944815957774,0.645261504354658,0.577939442754553,0.760625791930417,0.388588390328831,0.0935545920638147,0.525116782671311,0.237064814281092,-0.0215392412492453,-0.0644860820479725,0,0.244245865357879,0.185507121048125,0.183681558521528,-0.0162222355836039,0.268504756317413,-0.487187005060071
"416","92236",-0.11472856455796,-0.0039821790299616,-0.758328747868043,-0.021551336088184,-0.26506797956177,-0.0885753862354038,-0.0617831451189557,-0.152966342414863,-0.164953304644459,-0.0532104379972482,0.354475761676439,-0.721194110803076,0.0588977555512529,0.109814429876819,0.123940370719403,0.274759131270024,0.0842120082663396,0.105368479351936,-0.199920374491,-0.0603528972868811,0,-0.126769478836876,0.215046439045364,2.1867909870467,0.0897961364466137,0.132357661505308,0.221808431483736
"417","92239",-0.0252721879802058,-0.00786849885955026,0.00627546345788841,-0.0240170307403891,-0.0325868053393133,-0.0323333225561557,0.0370797702186743,-0.0291853124825641,-0.0320951381910532,-0.0477547416633528,-0.03807389873428,-0.0496272979056295,-0.0338743395504985,-0.0249092332108676,-0.0292715448168971,0.0370389823433612,0.0551158150535019,0.0146798274595835,-0.00143013567233786,0.010744498610091,0,0.038972058526413,-0.0129204317198668,-0.0188985152192472,0.00670312967812155,-0.0137148152623439,-0.0158695050142687
"418","92240",0.543151749035421,-0.354411848845374,-0.979952472270386,0.320727280575959,-0.0705609225890889,-0.320789539603682,0.173475253220113,-0.0176197496674729,-0.182623944999305,-0.0222206107920889,-0.0925902506159899,0.237580860546101,0.122870290338062,0.345312713757491,0.333540455896584,-0.039840202087428,-0.0132392573548236,0.102277083182513,-0.20571936461105,0.1239678601836,0,-0.123729642879218,-0.207446694696922,-0.342270844088812,-0.128232173218287,0.281039503340482,0.108320062206933
"419","92241",-0.215686053947223,-0.109680671240708,-0.217351773473965,-0.0864820635951792,-0.04746205520762,-0.0359986790002836,-0.0365187872005722,-0.0754106606343191,0.0568061181581777,0.161918631322983,0.272039607960802,0.910732342704003,0.115609292278891,-0.0318044051739095,0.0350602402975253,0.014327397035252,-0.0235518327847993,0.0958280672966155,0.0524982734509029,0.0858493753617179,0,0.068797514508997,0.0508629560682535,-0.0283898820037226,-0.0729243585294504,-0.0453729322454426,-0.0154828966403732
"420","92242",-0.0140129957090495,0.000563892535925177,0.0281602019761311,0.0627301376193516,-0.0275992894115056,-0.0248853165203237,0.0233330315737393,0.0337574713727191,-0.0360876347810856,0.0327569663660688,0,0,0.034126542351872,-0.021117592596965,-0.0203427291608492,0.0191326827164277,0.0617364989761945,0.0686272164844229,0.0429592382457944,0.000452270918694978,0,-0.00294229462554722,-0.0250248771854042,-0.0193379934082797,-0.0257103047020705,-0.0325120540282632,-0.0276489562489152
"421","92243",0.189723128026055,0.693902515550156,1.80210633706986,0.149937217429868,0.315731624733346,0.0786299979540336,0.0153695567020604,-0.205802062062238,-0.0862374058074044,-0.0379906039155303,-0.679191537344118,-0.0134061617507935,-0.370729138021841,-0.388218599923428,-0.00418385525488467,-0.196489905739782,-0.276956800087869,-0.189579342280727,0.147245288461298,0.907523919702322,2.22139205623977,-0.0229171509676679,0.652390865566764,0.530839150964972,-0.0700454038487666,0.296056943764255,0.305910925529751
"422","92249",-0.102050892488058,-0.293404892043161,-0.365229167369877,-0.0947639774737376,-0.111018118524375,0.0177523263750342,-0.0567462832779224,0.008676528261197,0.0742439981273959,0.186108564121804,0.199908325603673,0.265282921344584,0.0918303972983929,0.0656374700305705,0.172527077148882,-0.0135617474815178,-0.038319210376456,0.0122824727777245,0.11202751346787,0.598198418879403,-0.265559763015465,0.0289632977109715,0.324769988982766,-0.244130246595855,0.0154521272210387,0.163208315415489,0.140541215343131
"423","92250",0.0876236637659867,0.0324164668584282,-0.338748243417562,0.0925976056312696,0.0134176290663371,0.0224117594950147,0.00365263748782486,0.115911317816962,0.176632359359438,-0.161079201888745,-0.137724345603075,-0.252429323661459,-0.188865406467159,-0.270876220075443,-0.202131797559556,-0.0731875829247363,-0.147181854282406,-0.0763794750372713,0.0671537315183568,0.463431861250642,1.34623165236136,0.0148286640008081,0.0255900675777504,-0.160796569152938,0.00744607871470211,0.164076885286998,0.0373099617160453
"424","92251",0.262338788711382,0.13484289428394,-0.648008449310042,0.0715615764408237,0.0621109812097149,-0.197407639699561,0.0239927246561577,0.045364396417095,-0.0578396637279286,-0.0956173685824648,0.0540081223942179,-0.136555811686506,-0.117442095293946,0.0477500597351645,0.268770412757822,-0.0381106085027385,0.0157302848437448,0.013709141645921,-0.291957240370701,-0.174533171249262,-1.09218101886473,-0.256017204537181,-0.33382262586819,-0.556137419374499,-0.279562846249925,-0.367728928414394,-0.354035793108284
"425","92252",-0.52691665851401,-0.624340392194985,-0.885805843315061,-0.292430795476046,-0.180687256092379,-0.232121836408329,-0.136519555794727,-0.265834651899688,-0.119430565178051,0.0982831737258105,0.0636173447403368,-0.769593818339237,0.0342856407401122,-0.0286001652859898,0.356046046739859,-0.0505946936091626,-0.0504585245370524,-0.084125837088307,0.359906763074127,0.214664706900594,0,0.185330554003586,0.177778277694864,0.324661621131633,-0.0932745260553016,-0.184170975917947,-0.247240050387143
"426","92253",-0.0318401542911575,-0.549293413391594,-0.395638806839204,0.019635799613124,-0.0706428148599649,-0.313807509785991,-0.0726078545042204,0.0688066910178564,0.0480333520505667,0.0953926064682042,0.216247424845273,0.743825256243531,0.111785534615285,-0.28300991697425,-0.259196809964181,0.0935628040175693,-0.277072417903528,-0.0963871491257423,-0.0443703434607696,0.240156189275132,0,-0.0468768239350824,0.308043217587104,0.275291739497454,0.0921789510723731,0.0297435123035961,-0.317332512033547
"427","92254",0.455126232936012,0.279422045577433,0.533668814091733,0.415683690434539,0.920543380046027,0.0233191952059708,0.15372480426786,0.258335687182325,0.34519946901252,0.421677876434109,0.325583965622914,0.522484251640988,0.0972258880711634,0.0120942479724837,0.1641494302028,0.087086543649541,0.144492858415587,0.283165179641993,-0.0858585658071279,-0.437270980047295,-0.512894241237535,-0.0411088898914393,-0.0796314013594265,-0.0680398189272023,-0.0734212630069697,-0.184863327072837,0.0862039808718616
"428","92256",0.0481498632331294,0.27673225362181,0.477924644930205,0.0653094776452845,0.057494651983564,0.0726890121030786,-0.0137750080062573,0.0202721962507013,0.0887718856978218,-0.174301113779905,-0.263145867266913,-0.27860366783839,-0.0690881190022353,-0.245293382198418,-0.203565340318187,-0.118718829504306,-0.112354754293636,-0.0998305747366795,-0.150074299318828,0.0639259224095592,0,-0.167951710239391,-0.181904119181668,-0.250280747918002,-0.0504324260911591,-0.0119693430673599,0.0310030447430291
"429","92257",-0.0272250682161645,0.324300856836691,0.33670304917698,-0.0264546740391246,0.106363323546433,0.053556145096164,0.117550640046355,0.164839809981737,0.175671976985221,0.340188855122507,0.782394351540198,0.134823177115701,0.197172393724572,0.433475863532622,0.364713320067263,0.117615368579697,0.221345630031243,0.147687177940935,-0.0519023248102728,-0.180865975980186,-0.175905036958981,-0.143567679241723,-0.207794830057986,-0.247199677634609,-0.080657566440268,-0.130219801634508,-0.106556904826985
"430","92258",0.00321794831193428,0.1381628769562,-0.0651723841890643,-0.0348881591172704,-0.0203228905953748,-0.0847518934486932,-0.0279652337135915,-0.0149434949685659,-0.0635858521295719,0.0727610937051024,-0.0688284287340379,-0.0720867275371952,0.0481655915387877,0.0642921157954071,0.106693256508785,0.0401074602310513,0.0745053094859503,0.107647057741413,-0.0360536112704666,-0.0253811410067128,0,-0.0534479520982331,-0.0480600962766479,-0.0491632653182015,-0.0550631314495694,-0.0665090042889838,-0.066359498552939
"431","92259",-0.0267880385885623,-0.00380664955454281,0,-0.0226977214939995,0.014093183074009,-0.0352975785740306,-0.0236068867153555,-0.0409615006807294,-0.0260826196394557,-0.0213747262881962,0.0053311868545882,0,-0.0243657420991899,-0.0103352151447438,-0.000567671850962029,0.000420915821673076,0.00898666001673757,0.0253750608699464,0.110715216064185,0.240258907659881,-0.0326718542478764,0.0332271171156078,0.0382750317244294,-0.0457034096300957,-0.0100881425366795,-0.00336333750762484,-0.0373056388138006
"432","92260",-0.817370681758499,-0.537660852599244,-2.36983598680675,-0.441731028101833,-0.919769051569799,-0.989490205109097,-0.0519757259615175,-0.5054040012653,-0.621204730686103,-0.141529697118968,-0.0975129512752318,-0.010060409056498,-0.145312230932521,-0.0212171838992907,-0.109196437254853,-0.0400545901308764,0.0819486122510358,0.0471423441152954,-0.594506269052263,-0.152194535075958,0,-0.406640289284774,-0.0508310939354514,0.451750185650415,-0.387344654172862,-0.332605949188133,-0.339765817736214
"433","92262",0.603190467369339,1.6077526094414,2.42243704780368,0.220409412158509,0.387147325373918,0.798679448785196,0.103751513113791,0.0257767268611678,0.443313167766983,-0.532765269091761,-0.283673808165391,-0.838562004031341,-0.365168213535253,-0.201139073117185,-0.312148878074975,0.0561746153462225,-0.0710267010093944,0.0265617333296194,0.0800882512394597,0.579925956441078,0,-0.257411413668913,0.0127482300603162,-0.512163868145355,0.062034862953874,0.0305656582094405,-0.15232509387208
"434","92264",-0.48326159528338,-0.749493317091657,-0.52297616745685,-0.121227592704191,-0.222155916953431,0.164147558519583,-0.0744172339752634,-0.143447016366634,0.0681830198758631,-0.320921069121479,0.214828562658495,0.945085386648397,-0.0957406347714608,0.286326892418604,0.826576932711753,-0.167261528478118,-0.0228652199895497,0.137752722846648,-0.185839561481389,0.440014252753836,0,0.0715729350322169,0.0652353412026951,0.167099949572435,0.0851559089055707,0.19640892424741,0.163126280266552
"435","92266",0.0189199554468725,-0.0514084062209869,-0.025318080060354,-0.00574372044335766,-0.0438218176619781,-0.0350895319021226,-0.0151260827706573,-0.0396124191087024,-0.0409291983375393,0.0231151287862488,0.167635768492183,0.294353046339915,0.0269712814899831,0.0629509609897806,0.213309009077167,0.0112302603799653,-0.00346893082000501,0.0182906867671062,0.0438287584119575,0.0107657147958911,0,0.0384045702921898,-0.039597673882023,0,0.0114599087966156,-0.0462825757267457,-0.0699308243505431
"436","92267",0.00393750298540066,0.0220861529911858,0.0374513316484457,0.000765565455835004,-0.00423941529770012,-0.00694805447562144,0.00476838890515932,-0.000345794596080828,-0.00262771926484449,0.00331125982027346,0.0140895868899029,0.0046933515647281,0.00550139982684583,0.0173407909528617,0.00660389681910958,0.00265444588558623,0.00594144033841584,0.00346154829434045,0.00369060916929941,0.0105574104262181,0,-0.00137799325761204,-0.00901735573532193,0,-0.00594427399832143,-0.00716784263616243,-0.00919313952508843
"437","92268",0.00963222582617962,0.0774869716324388,-0.0429543687686679,-0.0184870716434908,0.0148091157353135,-0.0125047107057565,0.0349904979042605,0.0131781631354217,0.0290879389944924,0.00136026032736478,0.144562759848079,0.218791436422508,0.0121551898518099,0.0889098935784371,0.0637915502318906,-4.02999927670675e-05,0.0436656107766571,-0.0372714406698332,0.00719908634032982,-0.0225918304112397,0,0.000915190727746885,0.04541670590293,-0.10740615362301,0.0194241371880785,0.0201867231936323,-0.0881187359105263
"438","92270",-0.398270725162824,-0.83434848964057,-0.229906501330296,-0.157779424995851,0.00624214223754662,0.142239462308848,-0.0338623513980432,0.0303819207822965,0.210027749705738,-0.286951739141467,-0.229070696865847,-0.295195547876638,-0.192794667291164,-0.580154064337781,-0.567706090479793,-0.2679774462449,-0.420054310548508,-0.539405218578195,-0.0643082776465567,-0.470959253794237,0,-0.217034509795113,-1.08569926651939,-1.34110128748224,-0.160043938544839,-0.261818009294488,-0.0472637325236438
"439","92273",0.0452520948859023,0.0643589732323782,0.291215787720236,0.0015461643663383,0.00787618825301826,-0.000422068912401263,0.0235930501247375,0.000206288377095592,-0.0307881218443874,0.0423088605850024,0.127222984856919,0.425697286130322,0.0507769152733485,0.00727277892772281,0.269999792424062,0.0213356089758579,0.0713766962412453,0.190459976687201,0.248934614222255,0.282658099334252,-0.0672401774504355,0.0975903984882243,0.0208927790448074,0.0118241036522014,0.0256461048726542,-0.0612785712481845,-0.0613361372597882
"440","92274",0.0491546320058985,-0.353701058568994,-0.299209587547666,0.117748795140061,-0.222568220134623,-0.417669254209851,0.102772668403698,0.00472450560140532,-0.000512226074724686,0.046848317305854,0.0589568963301354,-0.298392421932226,0.0176216124158362,-0.042765441978585,0.133021525847931,0.00514335080365431,-0.0795132004493185,-0.0534421452720237,-0.0614345832653741,0.375652697193058,0.431733571390048,-0.115161958132644,-0.0239125587303175,-0.0495992103844143,-0.0722663232718262,-0.212513237765647,-0.332567669559651
"441","92275",0.0253928510409548,-0.068294495061383,-0.0388642237834578,-0.0697300628316693,-0.0631136141133227,-0.0993578267732524,-0.01270296346408,0.0279320846569037,0.0715123801147189,-0.0267923444429031,-0.123135820385415,-0.126937239437709,0.00671362751551612,0.0556061494149287,-0.131381780553271,-0.0234751531242542,0.00293594627133265,-0.0801740116565474,-0.0462944681922609,-0.0865532111012676,0,-0.0761008107686886,-0.107750512488429,-0.105303521829171,-0.0510418956995866,-0.0720994986003713,-0.110639150888128
"442","92276",-0.185895027394001,-0.065450526999482,-0.0480879117075347,-0.126846583195589,-0.244550622937,-0.28781668385205,0.0199057397089414,-0.179194231582869,-0.0068446251282222,0.0837309483760248,-0.00843849071948291,0.247927910924135,0.0330851861061061,0.0309461408091851,-0.0932301442416335,-0.0516096863123685,-0.0883566122885953,-0.142852346300422,-0.0403487969437144,-0.168782565738803,0,-0.00994387918515015,0.270989115068065,0.822079243819959,-0.0466294498632376,-0.0214132751934095,0.138050571530554
"443","92277",-0.302950711759631,-0.484486795518768,0.0422840964962456,-0.220745270122129,-0.397748937710339,-0.432140834597116,-0.0491964706944823,-0.154848805289154,-0.324139083574397,-0.158877003126839,-0.657143523050566,-0.939273992330148,0.156706703492673,0.135907181527631,-0.196657279067415,0.039163203019488,0.0949699702771155,0.178574611835547,0.312239665057228,-0.676360766795467,0,0.0776916364101823,-0.454511121898821,0.831167110232911,-0.0400228889428252,-0.21875070360132,0.149965310554995
"444","92278",-0.00543644427402802,0.00706001304694001,0.0153069492745103,-0.0101827152579981,-0.0148364712045898,-0.0174104462336207,-0.00628433286732598,-0.0102525905527743,-0.0124152787715458,-0.00587635135516114,0.00288921050278139,-0.00909878984413854,-0.00762882561041907,0.00544879675544081,-0.00610116691447435,-0.0119427544311061,-0.00689693974843958,-0.00877949997815639,-0.0240561787417141,-0.0059128854261717,0,-0.0192775389754903,-0.0198712549862142,-0.031699244904509,0.00734355816349413,-0.0285648399426393,-0.0302512896196139
"445","92280",0.064348652259002,0.269745176051335,-0.0636888416203704,0.0249432320522343,0.0397082043179834,-0.0276007577228284,0.0158652761673226,0.0236851477357802,0.0384327705794494,0.0645076622277583,-0.0281680589610573,-0.0457691022451287,0.0304665525581847,-0.00094622775083483,-0.009824867932025,0.0149865513265186,0.0341275250324515,-0.013738265338163,0.00109177458635432,0.0103413910798905,0,-0.00500383641150628,-0.0132584154337619,0,0.00537907195986601,-0.0101210730040882,-0.0115158368997176
"446","92281",-0.219329077160563,-0.2535322018761,-0.227405810709995,-0.0623768236704901,-0.11778955442959,-0.125379253759465,-0.0171783487979931,-0.0570919262355589,-0.000260084673999241,-0.098373490972608,-0.29767692480775,-0.297006890707375,-0.0663893752010927,0.0505682518069168,-0.0518644583920354,0.0123495598004576,0.0710053495068082,0.0593783313790452,-0.170903228458282,-0.101881665239893,0,-0.0751057667763393,-0.0378775596521609,-0.173497207134662,-0.0118147927880297,-0.0254155190699685,-0.152221036191239
"447","92282",0.015858752814666,0.146160138854577,-0.0128422483620809,0.00521539911696493,-0.01076607855782,-0.0726094678296933,0.0397318916248906,0.020362157625194,-0.0708469219340267,-0.0537521050130759,-0.0239992465152629,-0.0297719826393615,-0.0451638993996567,-0.0453549496264507,-0.0420125837296509,-0.0381596937773164,-0.000439078168912415,-0.0546131392730388,-0.0586400738791458,-0.0288369179395024,0,-0.0423543201340548,-0.0715308532469241,-0.101690418881064,-0.00422289157537789,-0.0396253551813427,0.0157029157087062
"448","92283",-0.0323568703369337,-0.0149337555622878,0.0165702295660263,-0.0354129706063423,-0.032454550251251,-0.0173200418975962,0.0191032670735638,-0.0314406372013141,-0.0249835570574871,-0.0225262540634533,-0.0130883774425434,-0.0281890834404245,0.00550273145364853,-0.0101966795841912,-0.0212841535766342,0.0243912492770273,0.0139415881768341,-0.0275889620852548,-0.0110279386271067,0.00610325642771831,0,-0.0192157366161804,-0.0220189452251838,-0.0374689650177861,-0.0238295244357518,-0.0239664805724071,-0.0196463058746994
"449","92284",0.446637458825566,0.28499152636211,-0.575784388227454,0.293536415096211,0.251793381519592,0.506353214326152,0.000232238733391895,0.0300478720090229,0.186984092449626,-0.162142665329051,-0.862026999592955,-1.19909076261524,0.178774372794138,-0.384964180221268,-0.255229325849676,-0.0941761665578204,-0.392288387951607,-0.434885879857394,0.245713388499822,1.11791797771473,0,0.086614201611499,0.843978056961904,1.30277703015648,-0.115690873545524,0.148328921299225,0.645809367097896
"450","92285",0.0702000769020323,0.227738640134893,-0.0546764656153515,0.111847598043211,0.0867268579704473,0.146358671928,0.113825599164558,0.0227691700348101,0.0771350384749467,-0.032971109350003,0.0206451377875105,0.195142238118715,0.0658583598658293,0.151943166843711,0.281981393395365,0.0252289393680253,0.098471745263314,0.0754465227250163,-0.213392844983543,0.252046611039698,0,-0.0317735707883466,0.0215300029576278,-0.019991007820227,-0.03869554458782,-0.125897307990534,-0.20206862210422
"451","92301",-0.269416333573489,0.195124502606682,0.406105230135432,-0.320807487736219,-0.121769341608278,0.158293465423537,-0.244617647576675,-0.286447644058732,-0.323160369901367,-0.113072425236355,-0.715807005860551,0.70278914964949,0.23622746192157,-0.0461672328097405,-0.268089655631147,0.0198462218704723,-0.0799896434558394,-0.129628392842396,0.234611956109462,0,0,0.0819656816182239,-0.20514803798732,-0.386195638655539,0.0337759017642888,-0.201426181096327,0.0679389310961582
"452","92304",0.00352141083015815,0.0220118470968132,0.0375352176005308,-0.00110175871187069,-0.00504909019613191,-0.00790337238201763,0.00259838433930542,-0.00305683531660332,-0.00539675008949117,0.000896894672487282,0.0124279440982689,0.0032930476154328,0.00471194478920365,0.0166317230528671,0.00581447577822746,0.00200440485284428,0.00540773443222165,0.00304700891960065,0.00296011656175962,0.00905068950440837,-0.00362972358910587,-0.0028347667928803,-0.00898012945456636,-0.012507461620592,0.00599500051967964,-0.00689106983965175,-0.00937356349780395
"453","92305",0.0386911090851219,0.144953227009357,0.267661293856976,0.000488729683168841,0.0314286895900834,0.120024282022447,-0.00106634960161012,0.0103666973598363,0.000993548604134126,-0.0282951183869955,-0.0382256902651139,0,0.00264778565821522,0.0545775549492453,-0.042673666067451,-0.0143916087862092,0.00497420153839508,0.0353503039972352,-0.0182699814096912,0.00325384435425284,0,-0.0256201658208909,-0.0294105725569084,-0.0171676716080857,-0.0343683287904653,-0.0341972010731253,-0.0216925854623712
"454","92307",-0.747621532731269,-1.34512320027415,-2.12879894818176,-0.378242774789341,-0.325077787873578,-0.467068372442246,0.150894528498254,-0.159545965792855,-0.0127567447799996,-0.393765533839064,-0.503103924194455,-0.363180125399216,-0.19949547121856,-0.59070302794522,-0.458833286368279,-0.208905765756814,-0.484268207460169,-0.537239209726228,-0.014703226637253,0.547534030686875,0,-0.126880891409854,-1.13785671559191,0.188585354785255,-0.351722339882001,-0.422553085395997,-0.879749671703893
"455","92308",-0.0137687953914676,-0.443861677605201,0.291844847501597,-0.0615316697397871,0.0105709861453939,-0.0723865972244843,0.0384917421101982,0.0159213376793177,-0.121382332563399,-0.413958283723988,-0.943622162215771,-1.55194259171844,-0.11377203210328,-0.293918683759266,-1.22890125220623,-0.011000154607465,-0.178252787512705,-0.253077475949145,0.0274053031028794,0.141126036531893,1.60380069921546,-0.0625538917405144,-0.282825914237344,-0.657099087954119,-0.075036507343354,-0.185235586720595,0.0297392370133948
"456","92309",0.166079339288863,0.115244857116638,-0.0388220141491313,0.0485798415544386,0.119497392176661,0.0947129792872572,0.0235377597989806,0.0571853371660725,0.0229991051042789,0.00901059738548816,-0.063297185540538,-0.0582913444896537,0.107587077490002,0.00397218918865393,-0.0715794051517162,0.0458010313684544,0.0500609687095479,0.0475830130811119,-0.0185966668647105,-0.00802631578180962,0,0.00477582199951753,-0.0207025158840398,-0.0250421185683587,-0.0140767554012669,-0.0218314670220607,-0.0207023470634798
"457","92310",-0.0457991454741776,-0.0306573552936321,-0.0298371725626175,-0.0258470529038896,0.00113945509369453,0.0126250602555457,-0.00409266137744877,-0.0212565167587108,-0.0338605763443209,0.00891121795368261,-0.0433041885378142,-0.0460054535737904,-0.0026091076835848,-0.0369539995383453,-0.0423954013191129,0.017132814453254,0.0391903607053691,0.0149235623361104,0.0786168623050115,0.177089938752148,0.384603979942401,0.0268689760449958,0.0692986505187775,0.406224113874166,-0.0151727718785532,-0.000627779648737362,0.0564147474136671
"458","92311",0.379429427862862,0.452049939644543,-0.257089211678868,0.449427925195092,0.20259576227445,0.420100647056825,0.0495047667758242,0.379277251111455,0.18437234848191,0.224172448994108,-0.50770265006514,0.837373638242304,0.159271926850529,-0.587485442709614,0.225767699658761,0.229717959199986,-0.207354774908048,-0.484470416678794,-0.583147269915677,-0.696646339421302,-1.95839397606465,-0.634780666672062,-1.20478868453874,-1.85714703528184,-0.346024903203744,-0.313656133118103,-0.449554821241122
"459","92313",0.105591919241645,-0.303871976407451,-0.31623476439537,0.0179295044332411,0.0319683476179466,-0.195002110352917,0.00498885819351859,0.0248682494777367,-0.0418639997326886,-0.147681716931185,-0.120980139663832,0.220421396557949,-0.0807729016141419,-0.155462983032333,-0.134556197382542,0.0239827391645292,0.020737261283622,-0.0411617120674319,-0.0825672005578044,0.207860715291378,0,-0.0603218820167833,0.370742450266978,0.649986804602109,0.012246133353301,0.129498873110167,0.255001752432445
"460","92314",-0.19975080669587,-0.0488024639202531,-0.0965659443049672,-0.211510727071856,-0.120548455580605,-0.020619803856907,-0.031703629040429,-0.0904397736628741,-0.0080233632440799,-0.0428892444493691,0.106615663873611,0,-0.0294589901017359,-0.0231075130631347,-0.226384545474037,-0.0789240702880199,-0.123877635766901,-0.156320408811829,-0.277439200885026,-0.34517863523625,0,-0.129904086481657,-0.0965092466933524,0.579086942642176,0.0398807172867147,0.0842700742296025,-0.261142598864772
"461","92315",-0.0499558686401955,0.145648646845708,0.0745815384729668,-0.0274978145249378,0.10011657838649,0.177045612406511,-0.0195111717555792,0.0236761011974278,0.116074299817923,0.0689661074369419,-0.32302496471657,0,0.0164330602604878,-0.194231318433796,-0.333515884445001,0.0473806978823304,0.117339951214886,0.0214602118357529,-0.0348329458335042,-0.25009300818166,0,0.134937668131887,0.0805386772379241,0.660599604840153,-0.00542748751718887,-0.116462228425679,0.153486147022191
"462","92316",0.211846556352244,0.789205668230135,0.896603494577232,0.0761560346357904,0.15335837751845,0.313164958584363,0.0497671506519486,0.125842068129073,-0.0313664854431042,0.249273766651867,0.251553304485458,-0.109183424503236,0.0374140502338852,0.234509776893203,-0.148816019258433,0.0908816900669562,0.175406097349747,0.0390349659028558,-0.317792636407482,-0.21250437515356,0,0.0771635854055186,0.660812073141497,2.00009568359873,0.334907177148009,0.420310357069618,1.41686392881282
"463","92320",-0.0451970459200268,-0.415435658116315,-0.359759339442614,-0.250572531318937,-0.348761550284604,-0.298726268494626,-0.0787599413036473,-0.243312303912063,-0.296754427328585,-0.235039314499813,0.0125474323488384,-0.250624643755631,-0.260084478472436,-0.401619371264927,-0.356093823686034,-0.186299125952975,-0.21580223313377,-0.255709153425026,-0.094041216122299,0.293687682896333,0.467403232917358,-0.0787564968231904,-0.0870470595509843,-0.129576488480984,-0.0664342543975672,-0.0163300428732788,-0.139979080173452
"464","92321",0.0248423238939814,0.105895731215317,0.00319898674135529,-0.00295912560460287,-0.0072576435167759,0.0251929738930372,0.00279250607384466,-0.0405961969056811,-0.0306653262786337,0.0768259565558003,0,0,0.0322567216592853,0.0178529892891357,0.0378263131334083,0.0136979536485812,0.0230444352778345,0.00991387148289827,0.0168715890740871,0.23081617369239,-0.130740193031118,-0.0315315952168805,0.044750957682259,-0.0922142194764958,-0.0142775389476098,-0.0136760456404464,-0.0884157354520332
"465","92322",-0.0398234501151326,-0.0176717171391017,0.0277210858932074,-0.00467980754652924,0.0212430453909057,0.084933235333631,0.0194763594335422,0.0131976478122821,0.00094033323704116,-0.0407093305506729,-0.0347584524553096,0,-0.054339379494302,-0.0419611038592242,-0.0547347906530328,0.00642926818868543,0.00580681307248554,-0.0201869081411958,0.0437336341589894,-0.0312377292467361,-0.0392390093367151,0.0240405622043755,0.0285538772897357,-0.0617945007575494,0.0366105421333212,0.0300246606746716,0.0215414923904921
"466","92324",-0.267178480229349,-0.115055268693241,-0.201313524381144,-0.317912448158383,-0.229316605380352,-0.377033401763947,-0.0291480196446976,0.0250090954065509,0.162573240791551,-0.639834588626705,-0.213928096803594,0.649173858021138,0.17873037880513,0.182293886090485,0.440318951918224,-0.164571550720245,0.00734776651492675,-0.397494369037294,0.00760830704828861,-0.253163394171218,0,0.0440159097264489,0.194842345288341,0.666080050520941,0.122453583854378,-0.274386411097334,-0.193009933995943
"467","92325",-0.355985376987861,-0.177065204328975,0.578961959481443,-0.0370471779873365,0.0679673421598651,0.30906724679966,0.0791073351036438,0.148393330703266,0.218134026746658,-0.219705976232517,-0.0545880202581963,0.220683958902882,-0.125189817464139,-0.145284250317564,-0.154305470551039,-0.00791510940044304,-0.132528850088892,-0.0592279789404468,-0.0760448525459091,-0.111223690530955,-0.351050260286861,0.0283652949336579,-0.0160918694851548,0.158648243170659,-0.0551935610015507,-0.0970287860821778,0.0703942263655583
"468","92327",-0.0243240283713867,0.0615430690846194,-0.0653107885371181,0.0297064857384855,0.02267161631674,0.0826470182086264,0.0112660996856299,-0.00246747314975631,0.0321053552006095,0.121743181394991,0.646256916528925,0,0.0217477780496408,0.108475637007251,0.155132836157768,0.0259239889984778,0.0142685726785551,-0.0116690561485955,-0.0353407329496375,-0.100215441298583,-0.133012629832344,-0.0365008765947267,-0.108791636405034,-0.113617772544997,0.00108889602591207,-0.0313058185352499,0.108820959199788
"469","92328",0.0638867387142183,0.111168195652607,0.0348882675420792,0.0241207964272488,0.0425794603036092,0.0633767714029806,0.0156743345768125,0.0325503475361127,0.0635685480154489,0.000959525401639036,0.0115960831043439,0.000400241846306762,0.0295542800392663,0.0137126265346564,0.00317078008990527,0.0278737930656646,-0.000801692689436775,-0.00205266135880759,0.00150876300896846,0.0111726798144188,0,-0.00360520571958754,-0.0103300483034495,-0.0124452966277434,-0.00785353588070692,-0.00876775123085125,-0.00951568939459069
"470","92332",0.00250043391386007,0.0211579987627652,0.0362331708760892,-0.00312802445799852,-0.00554526483306473,-0.00828689133454267,0.0152603255185736,-0.00703209398140881,-0.00696381981922986,0.058467671583053,0.147621056372642,0.245083313509046,0.0250919334932263,0.0691324625747308,0.165554176017624,0.00813032873423253,0.0220905489902304,0.0424127679115127,-0.00438971551061934,0.00282658671049433,0,-0.013150832679669,-0.016066496175122,-0.0210173004176493,-0.00181412431779225,0.0412535725820841,0.125414737362454
"471","92333",-0.036872454275808,-0.0223868868441636,-0.0126354254123808,0.0240438305392253,0.060882826950157,0.117405928648916,0.028291593344408,0.0375941032036451,0.0396391439917601,0.0190400176568392,-0.0735836389789279,0,-0.0133241010921895,-0.0394336168194234,-0.0399793498776432,-0.0122148248993582,-0.0332755734142946,-0.0238063097796976,0.024351717103224,-8.79390288194267e-05,0,0.0682344635113303,0.056341378472886,-0.108490214950587,0.00896726541278776,-0.00719067359364502,-0.0661158358236517
"472","92335",0.743247224090638,-0.1120163982508,0.448373593201927,0.251837872185815,0.350513198720454,-0.281476416148975,0.0466033161139762,0.481922447612897,0.198819323020861,-0.074118283307256,0.299305345021805,0.490030060611776,-0.00873185800978942,-0.139926091714583,-0.457244431177088,-0.0858475339223129,-0.180188773083809,0.0844348662005885,0.38037894946987,0.287279339407096,0,-0.240876200183601,-0.756858429212651,-3.31762437336257,-0.213016711647882,-0.49968282333366,0.560529349429712
"473","92336",-0.659921492501359,-0.514746353828782,-0.27626623695973,-0.151146248362432,-0.424570913353979,-0.0561376112869987,-0.160917373836614,-0.269187679317246,-0.263797499787514,-0.133647534402427,0.393656220646051,-0.351622627075234,0.0179423512063074,0.0698598160555049,-0.0356925020490219,-0.0252700693383737,-0.198484813991527,-0.366636488496883,-0.276041022930287,-0.405774096946958,0,0.0578048229247975,-0.0410679187330263,-0.0787897599811853,-0.177896638866608,-0.316946526124152,-0.891830327397736
"474","92337",-0.422722022382399,-0.351225706801862,-0.21387206113164,-0.299709053751567,-0.260469134249979,-0.258700085202231,-0.258643425343093,-0.211142616908444,-0.296401916965042,-0.0456162132014858,0.0358866844104977,-0.0860872807013923,-0.0461015103615989,0.0676803491901136,-0.107802373633508,-0.107873311233169,-0.164260898520792,-0.0408118163548504,-0.188982000714879,-0.17262420765347,0,-0.154564257569242,0.111526931095411,0.0282105466818338,-0.0399575669538951,-0.0925677925266518,0.156177300573639
"475","92338",-0.00433169300414977,0.0128433630636859,0.0277490829729281,-0.00770612574392177,-0.0126198071201983,-0.0161851850450973,-0.00306131107471779,-0.0088694719823797,-0.0109777654489875,-0.00724458695073668,-0.000255439838824479,-0.0153225454769512,-0.0047971073873118,0.00492319286677536,-0.00648680498016845,-0.00835193507592403,-0.00326644824800161,-0.00704439093768347,0.0595720769161756,0.00889731088744339,-0.00245507005787239,0.0140697862264425,-0.0246571496955438,-0.0113500814649607,0.0123915677877801,0.0199811029144316,-0.00893176153605369
"476","92339",-0.0350103454867771,-0.0155249480110322,0.0094195967097855,-0.0407703345824401,-0.0392523022943591,-0.0429593439614115,-0.00397656751281642,0.0103564271033861,-0.0359055332771724,0.0219560166655329,-0.0592675286613229,-0.0641441864131381,0.0225311618270658,0.0949013105463266,0.162717668404378,0.0076667307126622,0.0300645861255848,0.0763455394005253,-0.0203486931025173,-0.000953480148154156,-0.0231333439216477,-0.00118700512393684,-0.0385611168215763,-0.0358693715425416,-0.0256526119395618,-0.039400925086386,-0.0349436634913011
"477","92341",-0.00244131391296641,0.0164371071198831,0.0314811715045821,-0.0165601241201099,-0.0255053943663191,-0.037666712667837,-0.00124349556586532,-0.0169312379839336,-0.0191028261283756,-0.00488293926958345,0.0074587525343818,0.000825473749245657,0.0225603264794568,0.0109646585956093,0.000503686781848026,0.00255014598620258,-0.00701700603722264,-0.00877419251632291,0.0460421097655753,0.00454409510266246,-0.0117656923424582,0.00852808298313568,-0.0453898306618251,-0.0354851347698736,0.0359749153853097,0.0166701198069709,0.0991471827300314
"478","92342",0.116941273160577,0.312563310133164,0.515098208048745,0.128073449519565,0.161704319652615,0.190649528414951,0.124902969426652,0.11151870735861,0.17072235427083,0.0404004099697867,0.248089768952257,1.53972863628729,-0.038223326642067,0.0950747998927247,0.218124677460217,-0.0231307263661939,0.0212761071995905,-0.00929068627355319,-0.0146350422681835,-0.000182051342128035,-0.608610139701111,-0.0300136895644972,0.213434943330719,0.0386857354225687,-0.090373772923627,-0.00625612603847464,0.063411599700426
"479","92344",0.118451163701461,0.156695896963522,0.206649359606115,0.0567250365750147,0.0813488682017195,0.0742169746936539,-0.100177495656874,0.000420835443682197,0.0195000829491276,-0.211955618265697,-0.456214532355899,-0.332926305049201,-0.12486099049042,-0.0845314936416725,-0.257761841771833,-0.057721489222552,0.0181896099745451,-0.0234316782035446,-0.257253128609058,-0.0675468984478556,-0.65872347874017,-0.147943551897193,-0.147457643036404,0.115570262930612,-0.0309340639153047,-0.231085629645858,-0.161810717926553
"480","92345",0.00613189035267166,-0.220020134076784,-0.451443863845801,-0.286803442100935,-0.346150585493733,-0.107541393976792,-0.0205502742179711,-0.280614788282639,0.0191365100685621,-1.17828581163057,-1.233677792813,0.736609406108331,-0.497044798913562,-0.61267078100565,-0.229448319073338,-0.533225064097269,-0.768539266625772,-0.77581740603368,-0.443277082908605,-1.86317197289134,-1.87416561298821,0.105825775946081,-1.19392731207651,0.0463845010353566,-0.0700338073573922,-0.35459171068069,-0.740547095808066
"481","92346",-0.737240473775912,-0.271858139756013,-0.302204303046962,-0.310791683580268,-0.143776836755817,-0.0182566883611894,-0.0698179769032387,0.143865634916959,0.432962150936514,-0.367457096991749,-0.0865518441056718,0.715507401043967,-0.125775749896356,-0.315642854966747,-0.384039676159507,-0.0386137883749646,-0.169236562667227,-0.481319872185463,0.2793715209292,0.256714953092076,0.132709539534195,0.473736820853719,0.312943360990385,0.255534085845395,0.265803269479223,-0.028967031907752,-0.553846105498749
"482","92347",-0.124422197633416,-0.18872059755649,-0.143982243326554,-0.00475888399379246,0.0278787416869305,-0.0532261713887127,-0.0293453789473837,-0.0198547239521965,-0.0074348572444741,0.0454690235578806,0.0161361846057513,-0.163849885503892,0.0067556716857166,0.112512622694645,0.0355304603595502,0.000964750198215467,0.0144882868188748,-0.100436176049769,0.0138996026613549,-0.0394222935175779,-0.0592796408468369,0.0584468548350644,-0.0696330260069918,-0.0677557013935821,0.0747401367412469,0.126466442467708,0.0800213207576008
"483","92352",-0.0721199185237549,-0.134539656577634,0.186855747811899,-0.0241776574191945,-0.017457702795603,0.042604576428212,-0.00638648417267476,0.0391672380097969,0.0508427622305129,-0.0643142111867092,0,0,-0.00203441506142246,-0.0267557368596832,-0.0533411983475449,-0.00461625109309539,-0.0182145594462577,-0.0344967227762538,0.0817772662350314,0.0367446929890127,0.277897523701577,-0.0239230672389535,0.113406745347438,0.288798347750365,0.0119769277612005,0.0637948854786156,0.341008752586646
"484","92354",-0.186438074018199,0.233088084900841,1.16215966362658,-0.290876895329964,-0.334199795774192,-0.414922295590301,-0.184033079940607,-0.276413796861858,-0.29793540068943,-0.0806855827395989,-0.0614665182210934,-0.646064171922699,-0.0908874523838546,0.0137650096785827,-0.18896582762971,-0.0624254461042572,-0.0393161126358864,0.134519617149956,-0.10291662749754,-0.734017833879171,-0.776040666469318,0.0154290993949771,-0.665157181627503,-0.749721425126849,0.0631780207392595,-0.239702064505789,-0.474935266811341
"485","92356",0.472321219813887,0.427919019497913,0.308373879681795,0.100494760266501,0.198188520042279,0.359838713761246,-0.0209941000563015,0.0575713485739986,0.123338838759556,-0.0184858227681981,0.126350663102509,-0.559628790430773,-0.0942167217199353,-0.107048312069674,-0.202428522418074,-0.0111678558708817,-0.0109739956083326,-0.18590156536807,-0.0278824021772899,-0.131169014892699,0.575582429974923,0.0509440094885261,-0.221126331967894,0.282597826661603,-0.0270605330468295,-0.0875121721913174,-0.075056751886885
"486","92358",0.219446773334986,0.401588061568497,0.19851727693635,0.0738561371465965,0.100398782583059,0.0779755226133329,0.0253012483452679,0.0185299389921046,0.0537736968087304,-0.0325236500405683,-0.0738951822942958,-0.0292616651541976,-0.00201635772398748,0.0619939904764915,0.0489340890024573,0.0406046449566679,0.0249349262040429,3.90642932694098e-05,-0.0153162713844062,-0.0987068638869611,-0.20584812678616,0.0290101562769602,-0.0985715575522627,-0.0913720401982944,0.0116421665628096,0.0269312115895962,-0.0186042701194615
"487","92359",0.0994435093076238,0.102705591523317,0.123768618790333,0.118730486909914,-0.101291933562197,-0.129180277534383,0.0917274707390911,0.0804490197216425,0.0501418006121755,0.0712000349914854,0.138952507381937,0.625143238562223,-0.0813546509179383,-0.0759849493843392,-0.041503271726105,-0.121474658323125,-0.0762165533116787,0.0105189453636749,0.0650976157611024,-0.357951240064436,-0.328386345841857,-0.012133573785278,0.0709602302786426,0.254346497824874,-0.0239502841823206,-0.0156235163409208,0.039024844541693
"488","92363",-0.0109390427973509,-0.452991989105156,0,-0.0286927883639522,0.0367170174661457,0.302195538697621,0.0088816869325601,-0.0322132690674891,0.171415123643461,0.0580407510408788,0.148409856993277,0.511994747978489,0.0565655151479011,0.228946349085334,0.0946627707305989,-0.0304993381891183,0.132552998853054,0.127933591919417,0.162882438219597,0,0,0.00290072624273128,-0.133522634098916,-0.197017496432845,-0.012733439005629,-0.171681233549623,-0.0150913093224785
"489","92364",-0.00425344215371928,0.0144000600201725,0.0352777109820149,-0.00566163135464919,-0.0142125607374404,-0.0225957618497478,0.000639526642497186,-0.00572881873664003,-0.00974819952954601,0.00231718040980591,0.0128851247001825,0.00301664236332451,0.00199473280037333,0.0160105800429221,0.00512228769614823,0.000832467789894592,0.00567521455900112,0.00285344639824184,-0.0117179434787628,-0.00560421112665389,0,-0.0126762306435446,-0.0169820820737103,-0.0213445280360193,-0.0143982529815129,-0.0140896992515246,-0.0168520365003409
"490","92365",-0.0241279572744731,0.0433734843605472,0.0863482643057049,0.113669179498026,0.0297179372215554,0.0155342943584722,0.0976079684037946,0.175212679479611,0.0940981135166764,0.170567846854319,-0.242090865478856,0,0.23071027501099,0.178562779866146,0.370336957225641,0.182005796431052,0.302471937694613,0.211284181799465,-0.136931984038878,-0.158196379492338,-0.140504703491879,-0.0678401934750372,-0.0876357517669892,-0.169486579246219,-0.00996455539597301,-0.0511941143209169,-0.0379852367789095
"491","92368",0.0599200428138441,0.0628833604431612,0.258262329197126,0.0747755457057008,0.11322568925594,0.0930833824610882,0.0109485706782725,0.0372115243174895,0.0374860649854228,-0.0246644162293959,0.107503074626531,-0.0992391763673263,-0.0221671027288262,0.000985742082008322,0.0669454742890005,0.0366194715884091,0.0435029991242073,0.0861643083326232,0.108734684019722,-0.01916056358299,0,0.0864926754643083,0.0226446447425426,-0.0911949358508234,0.0173064785471112,-0.0517366199927059,-0.0921354905313533
"492","92371",-0.258618319096947,-0.0973312579696,-0.406189538907303,-0.0715918654026666,-0.0484372549741607,-0.330776039381987,-0.01611018141821,-0.132237429037491,-0.00709911257451246,-0.310205889525139,-0.155697386652803,0,-0.18163694214678,0.0740203168846808,-0.121396409143582,-0.149584050795655,-0.0919940239718646,-0.0723974380147583,-0.096934240345965,0.941361840620436,2.39241343110942,-0.063470278534632,0.0704366594408708,0.328730084951026,-0.168424099087895,-0.0748282171128671,-0.0997069152938276
"493","92372",-0.179034896119052,-0.181276783878338,-0.0159584428166561,-0.0494993284482388,-0.0109304682677033,-0.133450686994308,-0.0489897496692553,-0.0323868514730073,-0.0133347806937601,0.149862652401796,0.066917277673841,0.744216127910379,0.0447371164827911,-0.00553618036543888,0.0938292296743432,-0.000472082221907669,-0.0528663840584981,-0.00900925904575669,-0.0976559531828762,-0.216835828128566,-0.26675982075589,-0.154667301105529,-0.0876377005792952,-0.0985206385926132,-0.063047795543474,0.114137243455329,-0.0844608634255438
"494","92373",0.0680359101226055,-0.722296437863329,-1.87158104744032,0.219736056894543,-0.0442125052369725,-0.0572709267909703,0.216143923963941,0.18473042626312,-0.0791003270189487,-0.0387744176164492,-0.165057173577523,0.951863997289811,-0.134328471587602,-0.305007521737788,0.298103383844525,-0.0152383542454437,-0.206978506088364,-0.268945821555081,-0.150745660573449,0.0550778479012063,0.996527255060938,-0.0770501150590061,0.298334211785924,0.599193769425492,-0.0853155717121592,-0.0298895579491122,0.229478450096111
"495","92374",-0.475525929665787,-0.6365015177584,-0.125121398650961,-0.119620975950828,0.0321740385831321,0.412744234351927,-0.0346600334822671,0.0346845994821092,0.170508754530877,-0.452728373227985,-0.0788331989418401,-0.353039066644625,-0.357909588408839,-0.366523613464003,-0.526373010789921,-0.363651155643496,-0.229279902699832,-0.357365675535279,-0.00378513048419754,0.464653967401785,2.49062795490528,-0.109387673006072,0.119590342477053,1.0106928018279,-0.104294035579749,-0.150939085150762,-0.208525619957411
"496","92376",-0.710830437435178,-0.036571839118175,-0.145783745936265,-0.152776083350333,-0.15682789785518,-0.767601393405373,-0.0436049375716684,0.164586737493496,0.397530020020115,0.382502941088373,0.233247009787116,-0.342772457519333,0.113959656743609,0.298871439735341,0.047727709444964,0.432083214487999,0.238530133316473,0.381026388230902,0.15501722930225,1.412648763993,0,-0.0137486246530307,0.619960931534933,-0.244776468255022,0.00700219046819404,0.161948954698199,-0.180850001933046
"497","92377",0.098259894834472,-0.0250505036585656,0.066977626712738,0.0118314688697822,-0.00432776721813835,-0.136326475155047,0.0703632587597949,-0.0505087360579649,0.12139515007848,-0.411475127396855,-0.317210794581503,0.119809897019115,0.00917238717331438,-0.0247660646237022,0.108482866354506,-0.0731897185229461,-0.125286174064164,-0.00839788222188905,-0.390940287383441,-0.280069596584776,0,-0.103107844211021,-0.183801792310881,0.170991331707887,0.0400763712681595,-0.01676344924842,0.00292132481518111
"498","92378",0.0497491519016651,0.181891149007131,0.0360706260424776,0.0358275179785133,0.0758481603600446,-0.0405412318131489,0.0107373895062658,0.0263741063777965,-0.0314985567079039,-0.0356805874264727,0,0,-0.0186171720282117,0.00280494870231998,-0.000953302229623009,-0.00359651621073743,0.0228610393082261,0.0381649894127739,-0.0230997706465995,0.00303399058017484,-0.01236522595128,-0.00142965097591779,-0.0311462273760637,-0.0366455642679521,0.0236538295958233,0.00791571955433817,-0.0366763548610273
"499","92382",-0.133806983165484,-0.0121386000666019,-0.148060018893388,-0.113854787931755,-0.112567880717144,0.0111871928368532,-0.0606790654130797,-0.07214874820875,-0.073970340564666,0.0399728328455566,0.0399976586692959,-0.331793089855539,0.119993746210145,0.141829753659052,0.150737296874136,-0.0161146796345038,-0.061962934778688,-0.0300542528730696,-0.158075833141906,-0.208548094095998,-0.248478478596456,0.02444099631723,-0.180609155747823,-0.238484013821676,-0.0634109770777749,-0.197430830814225,-0.2206689160423
"500","92384",-0.000154646226188864,0.0156974400480173,0.0299134680844036,-0.00125409720318233,-0.00707300108305697,-0.0110563493234482,0.00362283975942058,-0.0021912271877313,-0.00480253873764786,0.00247995616451121,0.0142668157812461,0.00502703240526519,0.00547194190518077,0.0166344372220849,0.00599108300554953,0.00276192808947804,0.00597093604702649,0.00314200064356715,0.00103621938371655,0.00460526312416894,-0.00777478051448264,-0.00200675659807877,-0.00919653047794429,-0.0134812236263656,-0.00612950902134489,-0.00736466707253628,-0.0104013909148074
"501","92385",-0.00582991809419841,0.0128708343387819,0.0295919671364475,-0.0102353429520743,-0.0148489550009145,-0.016793112066742,-0.00842385071942066,-0.0116836041416589,-0.0125915221776047,-0.0228183873127325,0,0,-0.0121958836991314,0.00867446262835439,-0.00228867741022758,-0.0158501926976203,-0.00567094776287156,-0.00528277996775247,0.0468496580524623,0.00402991136786246,-0.0113175744581082,0.00927976027402413,-0.0173393356569476,-0.0186679265503661,-0.00795440509739711,-0.0169104863487336,-0.0136879085672105
"502","92386",0.00658378667478599,0.122331772161282,0.239264370721602,-0.0160463869139003,-0.0222603730560953,0.0293677469097064,-0.0274729885375494,-0.00673847009955639,-0.0285729783611928,-0.0902977966977788,-0.0287804162347541,0,-0.00283175946733324,-0.10696771939633,-0.165295318183782,-0.0567315008613439,-0.102744094786873,-0.143978269555131,0.0386192107806531,0.925235668785762,0,-0.0153669096972587,0.210979966157233,-0.0319916067676244,-0.027286262816682,0.0731052268891653,0.170410717578896
"503","92389",0.00251990764481881,0.0211933380597411,0.0372889100702926,-0.00292983090521222,-0.00662017621241351,-0.0100351716441394,0.000442288068019349,-0.00421314293629517,-0.00536936428129907,-0.000758453250863082,0.00838514486226236,-0.00191713960196416,0.00344589697407249,0.0143862050532224,0.00313350187858207,0.00106745315944509,0.00415992192278102,0.00149823913758351,0.00276836305434086,0.0106152727511272,-0.0033167718743861,-0.003775972873492,-0.0100991841412654,-0.011714310064131,-0.00940454396685966,-0.0100276845265244,-0.00935642400975468
"504","92391",0.00553085861294988,0.126750026767107,-0.0256137850206295,-0.0401716965628458,-0.0230313191408017,-0.0729277522443712,0.0213283927852121,-0.021642064537107,0.00202667045620611,0.0263366599921065,0,0,-0.0194889575703987,-0.0606234113598139,-0.0605367773528586,-0.00202044016633434,0.000633776047093468,0.0578552716473535,-0.036265018846249,-0.0517677112382915,-0.0875953011602459,-0.0079422504871761,0.0706319225906176,0.198952472609721,0.0576520580863869,0.01596097822766,0.148817226162975
"505","92392",-0.66498915399867,-1.15716930466499,-1.06017743094663,-0.0926627894793866,-0.106135683310411,-0.46609408216988,-0.208428381158746,-0.469197614200637,-0.156744150303111,-0.851204933235507,-0.294234393727756,-0.131233365591504,-0.479153737292807,0.387696967253723,0.0755121813250881,-0.396578628553886,0.0402208965148618,0.160381123925218,0.253015553938278,-0.320368105002724,0.431195295875814,0.0947454069609996,-0.603637397573309,-0.647143306099285,0.000415791524052081,0.23576746432354,0.00836324057245626
"506","92394",-0.44295806000895,0.612599034306441,0.3484419792802,-0.0407678065482654,-0.0127282046576248,0.45423099317173,-0.202653944012325,-0.395527671683635,-0.3810379043919,0.127109088326536,-0.617367162331241,0.239080230045966,-0.0757133068693451,-0.182337047825059,0.262526029591461,-0.0593988940147374,0.0551813624833873,0.318301959624178,-0.233649544765892,0,0,0.0813051119163287,-0.330617617641929,-0.289154631744604,-0.0477293320161886,-0.221413085107614,0.081940285880805
"507","92395",0.0539816077501461,-0.0622466973909771,-0.0305074672330811,-0.0812350401005684,0.199388822329728,0.565547021513683,-0.138575807407994,-0.192561366685656,0.124528541220556,-0.294557105258068,-0.137411641164868,0.123840101081966,0.0721349297894163,0.305127898594968,-0.451839386372314,0.10304492586955,0.0724117826581012,0.00727930648417697,-0.0913565612818556,-0.629235243303295,0,0.220930271796689,-0.787283702620911,-0.123457795749613,0.0529400066001215,-0.227892012489748,-0.19308925772539
"508","92397",-0.125175423491415,-0.217492503837125,-0.156840947288596,-0.0255380939124975,-0.00795788230262767,-0.232635272389764,-0.0645983227768449,-0.0409824252528927,0.0225584199323355,-0.0163770896690873,0.135637827315947,-0.173983155825631,-0.0404442926154553,0.0185221924567035,-0.212717901480725,-0.0369054176923549,0.0107540908898901,0.00913791684980145,-0.0889490409456079,-0.109255695312814,0,-0.018701399950214,-0.0572931271237128,0.117613275204763,-0.0493766770014757,-0.0510726747496765,0.181693651282604
"509","92398",0.048648442331082,-0.0156786252050574,-0.112629123174449,0.0314682392809941,-0.0316082887247574,-0.0678864362032847,0.0123370485650385,0.0121079757020231,0.0924687457964858,-0.00220610364855562,-0.133559090145688,0,-0.0729966602675072,-0.0753307858611183,-0.134118186526827,-0.0262154313766895,0.0287018178159593,0.0772519745566758,-0.0199159251198689,-0.0717589915959507,-0.0867787725726304,-0.0369994041242689,-0.117065979626592,-0.0943885566455261,-0.0327476967303657,-0.139801526355242,-0.107099308155218
"510","92399",0.724127669313623,0.268579460569757,0.292364836312521,0.540766590950262,0.360538196898807,0.416216273658032,0.279457307327539,0.452456926633378,0.540170319201879,-0.18032652360714,0.1157485724646,-1.22403336438841,0.186173307127211,0.210401773489077,-0.158192720531229,-0.246479990506715,0.0923937874556022,0.0921195714933489,-0.231112611674491,0.0412267774739257,0.930539583364648,-0.0113725511247959,0.76295782489727,0.58552994351207,-0.280200184823032,-0.0403080206140522,-0.513838057880098
"511","92401",0.296843374345473,0.11164982645274,-0.203695371724768,0.202171270053561,0.228620869817967,0.0753204014890008,0.118640807796081,0.160241324032556,0.0319717387284749,0.0637307404392307,-0.103990766224822,-0.206655114998035,0.139833557808043,0.0922440376303509,0.00750679711037563,0.0361109061291603,0.0882369405942989,0.0323523650456413,0.0171216480498448,-0.175088293575481,0.594078567943144,-0.00104673499920819,-0.231073932713484,0.0636652338397284,0.0159054524716617,0.0240966299376154,0.339297055774555
"512","92404",0.164312276956581,-1.36275039678671,-2.40071715469767,0.365659269868336,-0.00488947168387298,-0.389965270212877,0.249054849236896,0.548415986725698,0.583727055573301,0.383261825439546,-0.378184107248597,0.0580915893326509,0.688959359440759,0.626223842352771,-0.0387036943711427,0.422326335220852,0.177573334703208,0.170108348216889,0.567508132322294,0.298739560229379,1.47330036885469,0.0457378516482015,-0.054589326414372,-0.189571399461145,0.176729473354663,-0.0330768878759029,0.389798850860599
"513","92405",0.653943304311706,0.00631218549005648,1.17724135104674,0.172488335546097,0.125796518170981,0.519059839940133,0.0869485528070744,-0.18274704835553,-0.046890036010194,0.645131702102184,0.693327030121217,0.933600053358896,0.330983061728526,0.410700975340541,0.438157943418251,0.158390359491334,0.114013467181351,0.0153304263837234,0.178541883535058,0.423270761400952,0.450832521574208,-0.0836358886724798,0.0815829815583888,-0.752497767765382,-0.102779473480114,0.245424291912926,-0.39899908235104
"514","92407",-0.584530150689892,-0.911743038982382,0,0.0284495134107888,0.0756864883447131,0.188539902297857,0.0704323982947277,0.10487085050144,0.240588812413624,0.386016987522564,0.829781105224687,1.39784708184495,0.121085240216577,-0.201411816490393,-0.466930948277959,0.0647320696240489,0.0724763710416198,0.101742614435249,-0.340447887841492,-0.454934402195372,0,0.025273890593699,0.00528404728656595,0.662827973599312,0.05684730619241,0.341945975396551,0.600123411066086
"515","92408",-0.00542663274527533,-0.595275432497422,-0.325801757119644,0.195324445744282,0.176284557909676,-0.223681184732973,0.0647515209217361,0.148209136189056,0.233785176056106,-0.271108381519582,-0.212624568441674,-0.290417694566516,-0.0104003458453798,0.0554085995428015,-0.0594818713486253,0.140018851355961,0.114156959562139,0.253518627675712,0.00198432187340125,-0.0460432570034524,-0.878474577430817,0.0862777042079392,0.0107976374542477,-0.279261382752716,0.0715957784484223,-0.0519947238038767,-0.408254773719139
"516","92410",0.214839597121159,0.470510149007819,0.521353102039062,-0.326535396083107,-0.432813884254762,-0.58198026619518,-0.16277882971263,-0.557422307265317,-0.327008549012487,-0.194133266656513,-0.332285622500592,-0.762762880720251,-0.116923722235611,0.118806763117191,-0.34012551614878,-0.0182298421301043,0.0548693977497975,-0.141626086632099,-0.49123962773691,0.589219728690812,2.16001758459192,-0.470302312748128,-0.403107920724573,2.03695774798888,-0.628914660753333,-0.594377283815021,-0.122899058907606
"517","92411",0.215343212234961,0.821642843977616,0.398621817772759,0.12347520530256,0.613276953922131,-0.202276020128088,0.283632480973633,0.501476942066279,0.177254069112877,0.702032590383001,0.141871200181171,-0.0666477397103833,0.584222987180365,0.437699069121236,0.17512848370017,0.28113064570504,0.167146926690499,0.100393740395921,-0.632839123696494,-0.600092094902673,0,-0.396983057205267,-0.28185195182665,0.400429656291319,-0.160617848903789,-0.0485727550343398,0.622499534491349
"518","92501",-0.302828664766836,-0.314712436690813,0.0127267570901105,-0.204837804709238,-0.489993773051975,-0.0944602819899556,-0.0774351796260282,0.0649517726128607,0.113129863250756,0.0525925918539802,0.189765165305029,0,0.181088496962044,0.213583540923286,0.266753920491799,-0.0165007604718103,0.0105891156773056,-0.122301192257368,0.306347415364748,0.0846055387099114,0,0.539812201737829,-0.133705706520134,2.04647139432516,0.332196933296281,-0.149900520555411,0.233222855355429
"519","92503",0.0109786937728925,0.105889691433324,-0.448834529006257,0.0218405569395203,0.143034771988985,0.874672209351654,0.0422680025692568,-0.338104015862208,0.00291684041306102,-0.287710002721889,-0.374595815288346,0.368693088589125,-0.304458722535906,-0.313963079190141,0.483866975822897,0.0165771300680808,-0.161508839875322,-0.223095843037897,0.111162160770011,-1.43268812929631,0,0.0540168500722567,0.410535808192791,-0.302562657972494,-0.129492884445162,0.0897246758001348,-0.493210397630913
"520","92504",-0.250607030241257,-0.853922005925153,-0.929854683345666,-0.0531383568562363,-0.425685508324027,-0.624127977491501,3.76916594597258e-05,-0.235606826708771,-0.36851888633262,-0.254447770324166,-0.130746432485668,0.434498443283007,-0.173422427683611,-0.0775108512942078,0.019449300448791,-0.0155349962822601,-0.243357495682438,-0.245535509975703,0.576750596849022,1.9577184638374,0,0.0254854872447612,0.671283939355719,-1.44472509460953,-0.123108966554192,0.216977095705465,-0.811961226468667
"521","92505",-0.677493618061259,-0.892615355527733,-1.08140429253594,0.00819113774171852,-0.349308089358147,-1.41072451629326,-0.329755167383597,-0.376345356521675,-0.684423463703449,-0.295062759630006,-0.487022612837814,-0.328640419661457,-0.365351870997203,-0.3439005860138,-0.468814412759554,-0.550936247178966,-0.598764503804438,-0.531216342142709,-0.567484092695421,0.262244417702826,0,-0.158038491659054,0.366746238629364,0.920177663680211,-0.0293810160871753,-0.106048604266954,0.265038139985542
"522","92506",-0.719657495008895,-0.630194727497352,0.395691906849188,0.0596136510235702,-0.444070017751345,-0.549281043066928,0.000376946999405037,-0.093942716580927,-0.197301338643608,-0.126382193991229,0.150523235628061,0,-0.45745035628348,-0.246552680063157,-0.399071893655453,-0.22309441735659,-0.0700331761594833,-0.24072569413365,-0.0996156553715248,0.1856100283352,0,-0.31123580160163,0.0261004209937308,-0.415201001307286,-0.0234885462856154,0.152482631015808,-0.124032040128867
"523","92507",-0.612722911532906,-0.337317752977055,-1.81969288619653,-0.0354696780466465,-0.216133468865242,-0.310658210210537,-0.0339714267558293,0.0859734031437678,-0.110052654166896,-0.125217040895432,0.110072607674708,0,0.0663955683194187,-0.0481989811465155,-0.121102624269854,0.048821749582857,-0.0789840921487899,0.0231899868491526,-0.086756902790145,0.479015572621409,0,-0.118812702187812,-0.168064485636558,0.435735128491391,-0.150617026178062,-0.0987468679280437,-0.000285775428291107
"524","92508",-0.158627354118022,-0.15923720115685,-0.0613195434261894,-0.221990205174214,0.134028694621868,0.0539720166282154,-0.173645585623357,-0.0704093797195682,-0.111493983214897,-0.179088668347901,-0.252357040170321,-0.132786044154801,-0.015552717322879,0.0317239408937435,0.1842015168468,-0.0200164270267522,-0.0422553755242693,-0.0998995426791321,0.138325700497371,0.62261641961719,0,0.151556472687806,0.251431413222884,-0.872137762130843,-0.0321111601117397,0.225149487801395,-0.5287994305092
"525","92509",-0.261344093031875,-0.343566488267741,-0.521354626796872,-0.387390827832633,-0.0879128116404557,0.0263967953711754,-0.141835413709202,-0.0290721022942483,0.244530761772958,0.465077248103645,0.394910459885653,0.107110908192882,0.362758466565486,0.640298597341093,0.661240786260396,0.242477946879724,0.38512969941458,0.549768609551707,-0.212410560829166,1.69258981331672,0,-0.470035757671376,0.597444734530898,0.665214159418161,-0.119496916239037,0.326488361354113,0.476746759626552
"526","92518",0.0592900197329735,0.207450432529379,-0.210030657697868,-0.0297456809047467,-0.0137374602620231,-0.0588918382979626,0.0155404552561868,0.0752139106231871,0.00265458326745911,0.240289384606978,-0.127997691428566,-0.024716733904382,0.0277643580874528,0.023862833824051,-0.0543574824853542,0.0232434334251357,0.0194248332978836,0.0251605412956791,0.0425043764526833,-0.221658334049348,-0.298073631963839,0.0265419805223146,-0.123940804498856,0.0122756990630016,-0.0446697855609839,-0.0679707530379893,0.05151428264693
"527","92530",-0.506707281501349,-0.823646486992205,-0.593107572108836,-0.162207284126822,-0.0736755909106551,0.124124133566106,-0.20017130233891,0.0186946812143634,0.0071972881281269,-0.115952140538999,0.317646431301383,-1.11979469267945,-0.19145398544226,-0.271844981082305,-0.636119197750522,-0.259655676778334,0.0508855058993868,-0.277827661232511,-0.25404640452368,-0.582946816798518,0,-0.0853951396103296,0.317339081438111,3.19804162142585,-0.239819793150968,-0.317790620547372,0.988257035061071
"528","92532",0.299949192134456,0.422886686776402,0.0986640078671691,0.26209811941721,0.273071281870356,0.217739338620768,0.155745301124397,0.120826211153257,0.236070502833753,0.116812904204343,0.1478082173757,0.350975308646994,-0.0893585670132504,0.0152309234768845,0.046808670071845,-0.0871554984034598,-0.0767153696381774,-0.130882049440998,0.128015486150769,0.249727856517437,0,0.0919357552072626,0.327824856557217,0.0627955810916947,-0.0715953307659353,-0.0169252982403867,-0.271318122187316
"529","92536",-0.0252241224317131,0.0537707123395452,0,-0.020813647597067,-0.0449618212686946,-0.063733848490419,-0.0836773487661969,-0.0787321149365973,-0.0286233580577733,-0.239328927344265,-0.203561425385948,-0.223138116927001,0.00205143044889278,-0.0851110520452345,-0.0635405318468339,-0.0153700350083214,-0.0775789390054597,-0.0978380224872359,0.12290658310365,0.648832955650948,0,-0.00754246763170879,-0.00920260401875912,0.0868482912138466,0.019463192318774,0.0546060384600834,0.153913293283995
"530","92539",0.0359922661671903,0.053636482932112,-0.345954031364686,0.03717775763468,0.144737757558628,-0.00423402690818681,-0.0326307580505033,-0.0681134390839652,-0.196137616385515,0.0811822005168158,-0.204927951268299,-0.139070325865594,-0.0618294614091002,-0.0942136169745745,-0.0190649486268265,0.00248710792779592,0.0166983600972589,0.068849501376173,0.0162463568532457,0.228607008065625,0,-0.0484655422607335,-0.0126770554734306,0.202534887013934,-0.0338452755321804,0.0102596504220627,0.234760763401557
"531","92543",-0.45170683557597,-1.39734127182903,-1.18869700833315,-0.287720509044287,-0.384118896115918,-0.541050200119346,-0.0856879189715362,-0.109541783372377,0.167212253496848,0.190447194620231,-0.827053356999264,-0.517386616409536,-0.275916843347533,-0.53317253880458,-0.37406108820346,-0.208775797604399,-0.214107214091092,-0.711247274009656,-0.626044064092667,-0.205617273326856,-1.13252913815404,-0.380615901839847,-0.13102545234747,1.16348916456949,-0.389264595082389,-0.57252121000085,0.0409290104556315
"532","92544",-0.169071766371952,-1.02949939898463,-0.789152662071856,-0.100621240264188,0.208246647492882,-0.70011130645567,-0.348482062723078,-0.276445993284426,-0.0472025624073245,-0.308039390924045,-0.078389650841869,-0.745787638376769,-0.48468053275446,-0.396019361568894,-0.490324271677007,-0.123794747736289,-0.0298676556433512,-0.0221843223159156,0.0987866474547012,0.348319002903928,0.216298642372686,-0.18221625003306,-0.326644266072202,-0.984518139723545,-0.109266276466001,-0.347729094572016,-0.160603390158403
"533","92545",-0.341561012568067,-0.797886967002966,-0.200864893944631,-0.208340466783652,-0.662423543119014,-0.983758078657981,-0.0331647378663064,-0.340682456671188,-0.575825846981869,0.445451532212119,-0.53385238137481,-0.16650500589653,-0.060047546821352,-1.08743696168903,-0.970750548148694,-0.0999438897776485,-0.450544186796804,-0.980028799989912,0.728412972640512,-0.360942375618367,2.41333146008093,0.35929864415701,-0.396377332843507,1.63403975264189,0.378112349671872,-0.0595374642347604,0.595626283017659
"534","92548",-0.187725234835379,-0.344120031865577,-0.240069864496753,-0.207925887557195,-0.193081011252748,-0.258350041450431,-0.212414315479226,-0.175264692025755,-0.306872828967982,-0.0347627539245903,-0.359377743215876,-0.261706664172775,0.00835314611329954,-0.0962685569134288,-0.139886407013757,-0.0628518555252648,-0.129455352607908,-0.0725243558220552,-0.181100007976841,-0.160157706300853,-0.443881275277711,-0.0630657073685277,-0.129036550530816,0.290695581536852,0.0308274926747734,-0.109659249951115,0.253385705871665
"535","92549",0.0408755045532188,0.159422485166772,0.753722628777504,0.0375628342405522,0.17055082917484,0.162472917101949,-0.0458388166934876,0.000898469230898955,0.022621250548156,-0.104540493530117,-0.118839679882127,0,-0.0226480535505833,0.050065148079849,0.365401752637009,-0.036459820993904,-0.0279320589567449,-0.00861061547604793,-0.148972358352016,-0.082488623366445,0,-0.0939586328477127,-0.120094309019991,-0.113963057478835,-0.079740950254105,-0.102100824478241,-0.121597754791531
"536","92551",-0.0949779673208715,-0.300939179407971,-0.421957446746698,-0.374657302230253,-0.408268205170021,-0.315805396362411,-0.127576070579123,-0.154054424179296,-0.106089166188836,-0.182965254163385,-0.281911360671221,-0.633974611041637,-0.0655986704098497,-0.147663618842434,-0.255580087967674,-0.144696282938219,-0.0904387065562626,-0.179500273924067,-0.314046082549129,0.232127538719189,-1.40661362012186,-0.0948311793730609,-0.0670714136684254,0.0101076427698681,0.00898127392210249,-0.183355607441052,0.0596487075426198
"537","92553",-0.689829230009743,-0.606588046629439,-0.831991199717154,-0.192376509708677,-0.0182361626948725,-0.474728635839373,0.0589120594872034,0.13378902927362,0.0421930187449036,-0.0112833379352062,0.433131295321931,0.127938216592595,-0.103397198688446,-0.106604162216268,-0.309933590067726,0.0518507590677805,-0.0299289299620268,0.0387008698574755,0.270830394520195,-0.744689275851481,0.989143371345799,-0.104996692877723,-0.198839629488943,-1.40647019417008,-0.0494017201416062,-0.0595543347419384,-0.647993386165606
"538","92555",-0.475211799836126,-0.581803205647116,-0.896711902057384,-0.196694172726329,-0.0399853913919566,-0.461303128888351,-0.214294637800379,-0.248348454401846,-0.388769484550207,-0.472238483112651,-0.426238131811965,-0.584014646819523,-0.387775229040514,-0.68738328703401,-0.810097195082847,-0.353095482381757,-0.343316359562498,-0.560449621534652,-0.000184391541730514,0.483388567211055,0.168836270677015,-0.000669435529443901,-0.100622928494554,-0.214699916768573,0.00744302781103376,-0.255842762464403,-0.474095914853641
"539","92557",-0.642379773334105,-0.706333952377664,-1.08608024360228,-0.0275236797659886,0.0275573207161209,-0.27443375172935,-0.132379799853076,-0.160871292340206,-0.120720806105736,-0.0750579947675413,-0.41741330613972,0.910319120953796,0.11227786152891,-0.149315059107584,0.117797177872382,0.00779580821682184,-0.170543727940964,-0.0450503260945508,-0.087964294755535,1.46469859091421,3.49041041524926,0.148896108196035,0.119634243189786,1.38928191805166,0.21149205678485,-0.0601853453143973,1.10160751884306
"540","92561",-0.074275358106748,-0.0573140988091932,-0.0339470150494455,0.0240821709674991,-0.099995001444055,-0.0980149499534441,0.0547563538305944,-0.00104699705432228,-0.0252159109203668,-0.0671278363981222,-0.0478733959181959,-0.05848378867183,0.0153566573477876,-0.0697528173246856,-0.0700815823962248,0.0404584845794183,0.051747162011081,0.0579379305349966,0.0187708505329569,0.233560149545457,0,0.0100563435840107,0.0700598023686806,-0.0307308543696555,-0.0125105628631145,0.0189889168513422,-0.0446169050097846
"541","92562",-0.201929123975758,-0.538293803844461,-0.571404029315563,-0.147685347961326,-0.303763090255046,-0.761694372732557,0.217860970375588,0.188816259267424,0.0574580531785891,-0.580232308617712,-0.529007954133757,-0.551086041413405,-0.122861959716818,-0.239812392377726,-0.375781367518661,-0.223487462150171,-0.402577832905459,-0.473125982343189,-0.488228976734899,-0.305425257653254,0,-0.1397049252388,-0.35646144815606,0.113646409339775,0.283618798856109,-0.246976825522548,-0.134546973723157
"542","92563",0.295304749913934,0.191181338927327,0.317862040146177,-0.0459867125606319,0.00638486443227835,-0.0699046796119596,-0.0489193541859778,-0.0341784856872168,-0.0162064498540734,-0.291429606545984,-0.523524680353163,-0.192911942440861,0.122939920438397,-0.781409737664436,-0.391262974600995,0.132171924021545,-0.20506872552772,-0.225233403806723,-0.437174335191753,0.26931392769594,-0.250833855981746,-0.0577995228654281,-0.406141351246424,-0.0735909718994835,-0.262615084547497,-0.290974255915875,-0.0271753285856771
"543","92567",0.0492820558872829,-0.250365520565993,-0.344887601722544,0.0915190491616471,-0.0446300017701144,0.0222494160851284,-0.0317881216757947,0.0092684933778911,-0.0510837092180361,-0.132933404138143,-0.0530918674703308,-0.0151801355426554,-0.055029613777263,-0.089007363944575,0.0818687668618547,-0.0286030742375554,0.0336283735037531,0.0730040686618647,-0.00564324525345921,0.286397665038594,0.328419684796238,0.0228580040268762,-0.135967521709926,0.0862237890105021,0.0708171461357453,-0.0666209406122527,0.173384117422752
"544","92570",-0.0404851605406761,0.303996453674293,0.187982916120249,0.16376228242484,-0.157521139011129,-0.179731630932061,0.0172694884267135,0.205764469928113,0.0827823334439916,0.473239339984261,1.108447140048,1.61255441311191,-0.0535146276577836,0.315835515657634,0.774012705573988,-0.21583191479434,-0.38978763821077,0.0654399385549182,0.207950871242324,-0.673551686863225,0,0.213687984998732,-0.135401331711553,-0.542452368909914,0.284973009634294,0.134916909407886,0.0999531174391472
"545","92571",0.128701986726631,-0.133235243309945,-0.573838322118715,-0.00396788866090446,0.242398124075624,-0.119158790159942,-0.0764275485738722,0.074349476044594,-0.0521165960668112,0.171957188756198,-0.0427857621067761,-0.165701142506194,-0.0425721408293656,0.035668393371305,-0.121123341754559,-0.110688442676276,-0.177374544933911,-0.255569542220214,-0.264488991296213,0.639627217925607,0.329527432689562,-0.103397985451857,-0.0664578190322838,-0.388723231406209,-0.172423399393359,-0.347340954350932,-0.901299950458552
"546","92582",-0.147314119641342,0.0098335052621658,0.114673345807924,-0.228684545949925,-0.311249717828367,-0.290421460862817,-0.0817583979505658,-0.149058546027138,-0.123154765047985,-0.0546090126886538,0.0436645718101959,0.227475754781563,-0.0953054481727719,-0.0956075872042523,0.0133656197105504,0.113305213237096,0.0203303745410006,0.151806968429525,-0.116331088989106,-0.357877516574726,0.464550681108091,-0.146855888021091,-0.243542315052354,-0.155161515323248,-0.0995036725983266,-0.0189658852452027,0.120102033057877
"547","92583",0.28989281303596,0.334025330890738,0.585968026149065,0.272039894344825,0.55036856409571,0.341503157648786,0.0150104743167367,0.0920176356220014,0.392502722174207,0.00917575757656123,0.650169704709656,0.384876489158003,0.176948044334314,0.113080282439058,0.340619903004003,0.0405572889067521,-0.0404865835778192,0.416034029410136,-0.169931468845152,-0.282170305933437,1.19855674603212,0.0139491298594905,-0.121379178891227,0.752820979002714,0.016329352465735,-0.0915304073476486,0.791035867432964
"548","92584",-0.457685635331616,-0.340610786817039,-0.0226387836567379,-0.45385620704472,-0.621842234586481,-0.817938199785561,-0.435437193531078,-0.347266544982446,-0.576002185451861,-0.707289414403339,-0.964963213983246,-1.00531247678199,-0.465256833594219,-0.860372814556922,-1.131756921827,-0.299972974329438,-0.681617823987763,-0.847840262023956,0.466704767106122,1.40403943451938,-0.317919119239274,0.137607063839674,0.455348045070838,-0.946982329717558,-0.0626595880202515,-0.0459816026190094,-0.592600342161826
"549","92585",0.312135827172653,0.671767049628717,-0.798080514082386,0.18426808936547,0.243495334695451,0.160349196227255,0.0658182332450117,0.0494664540385154,0.108532297479052,0.189765561717759,-0.267794148070949,-0.274016041420718,0.182324147699011,0.0506906370450441,-0.397194975480493,0.0132926320536664,0.0873000185989247,-0.110755729041698,0.184015601874421,-0.0607051272705375,-0.768948317647973,0.0284168357658281,-0.134024858658414,-0.324652541513597,-0.0163298006908849,-0.0324931586121061,-0.276326698521457
"550","92586",-0.139416798573818,-1.32748789297404,-0.901578795967301,-0.150283680762669,-0.470187104099912,-0.629244794529017,0.0156371977742974,0.0530619774948288,-0.288498834430543,-0.184401422776255,-0.121102036586426,0.868268807815418,-0.176581311842131,-0.182571242557525,0.00131536103706504,-0.216141037714282,-0.644908980695307,-0.410553016578671,0.76120654187399,2.00486852410871,0,0.0985209167368396,1.21349907487304,-1.72447253819736,-0.057001146641943,0.675316768819341,0.451878613615116
"551","92587",-0.231471830341176,-0.489592301549965,-0.326730401301428,0.104906434747901,0.16064344038913,0.171816535916794,0.0525036483332166,0.0660237206834905,0.181625567573351,0.210564491430045,0.215799321756913,0.113924032297702,-0.000139036524377996,0.0719125414544637,0.178362291320593,0.00725733232055457,0.0540038328813943,0.046500048403663,-0.37289503235231,-0.616042067933942,0,-0.127904519715615,0.0280229836101942,-0.0744063039707382,-0.224821084382366,-0.272815669749127,0.118955875671326
"552","92590",0.011451275275303,-0.203768849643324,-0.201979241920361,-0.0457238642574157,-0.0658319297761624,-0.298568497272521,0.00912124511225147,0.0504997318051935,-0.0299207124313996,-0.0123078146051598,-0.060499278513934,-0.155061325914125,-0.0356121124503864,-0.00466940170989823,0.014981396591944,-0.0563995563149437,-0.0902009967472665,-0.0701675412050281,-0.0370677583131597,-0.155493224669405,0,-0.0820313028909134,0.0513787620245655,-0.20991292352924,-0.0415387200930316,0.0381429561934605,-0.0446807447574954
"553","92591",-0.308160049788506,-0.345109237637944,-0.509889226043047,0.15164924997242,0.33566531077986,-0.0752725828999641,-0.0783838356309697,0.0155849124823482,0.218850963987028,-0.177142661755475,-0.514323470289791,-0.469433033973716,-0.104004120413364,-0.580050806593846,-0.51914712477222,-0.15502000425257,-0.311248903443867,-0.550588908275933,0.324562515869297,-0.801629631826612,-1.57125644608542,-0.0036634012651526,-0.304375308106785,-0.695614436438823,-0.147067845714418,-0.31381152323329,-0.136693954737147
"554","92592",-0.118870142777094,0.312444674845784,-0.884387562999084,-0.625875359835114,-0.492852273861094,-0.364584353528236,-0.298505479787371,-0.182918828868782,0.0640482620526748,-0.605685976897879,-0.274504235859574,-1.98187183006185,-0.47856621959646,-0.394614934569868,-0.707408545574071,-0.485532599077329,-0.545756803397246,-0.61616419036279,0.418590925920067,-2.50476261804126,0,-0.055065840693876,0.403467353428241,-0.118079790561749,-0.124838750511553,-0.142078658502428,0.220504475552271
"555","92595",-0.0654526268151381,0.0260978350665413,0.165306440155348,-0.0248358243663162,-0.159072684924212,0.00517319316906308,-0.054105445402633,-0.319190461107518,0.0488284512512328,0.0356450523003869,-0.260410533049018,-0.371775849302466,0.498721961595891,0.471546046479644,0.34067352264589,-0.0559281881135368,-0.0573827464667293,-0.137601124159562,-0.434270809337328,-0.165252792255397,0,-0.54703417413691,-0.676717570551859,-1.14107690173214,-0.224436280187997,-0.123500532738106,-0.150469504762537
"556","92596",0.00317672101341794,-0.0629046051132561,0.230139172204702,0.0356198561598201,0.0719171366897888,-0.228338762761019,0.0286046405771395,0.0120131871702874,-0.0187353801702482,-0.266058202782034,0.0193075329009898,-0.104755954785322,-0.154971490228211,-0.1125526624018,-0.0145099772278428,-0.036979565867353,-0.179167666126128,-0.0940502572266234,0.15086214715524,0.909087623176683,-1.1946750279541,-0.0198458305532268,0.258737790516382,-0.874900978495029,0.028848690534668,0.0808846440492013,-0.477998294597209
"557","92602",-0.0150811969340369,-0.0721367516022864,0.217736387441877,-0.0541263774728433,-0.130736675293431,-0.118509779754306,0.015601013828175,-0.126218433479701,-0.21722432053897,-0.0091280864747373,-0.414599619091066,-0.412767253052184,0.114504780757364,-0.185905234374671,-0.166091448241969,0.0108091067358708,-0.0853418756143354,-0.164904245879223,-0.0580260382122335,0.722453703293099,0,-0.123445996081952,0.119722662753728,0,-0.130099375114355,-0.205623158129119,-0.145333888809901
"558","92603",-0.165826922991832,-0.00199694499624019,-0.145515919678596,0.160674504240208,-0.0662162429514101,-0.0366855411377572,0.0818602463321022,0.0198534072791726,0.119772849259417,0.0632040008176594,-0.191454584944169,-0.315499949552856,-0.0290861264004046,-0.185796006414813,-0.103450078633745,-0.06485769540955,-0.084726735355326,-0.203279286937028,-0.0236088455165223,-0.186435473007836,0,0.0289773364746295,0.125268832960314,0,-0.0318527471234531,-0.090938144301769,-0.260338037347978
"559","92604",0.00877065834755395,-0.226568189812044,-0.0290481015754107,0.115802397620996,-0.154449993139104,-0.0852947445825501,0.0513830217916535,0.00236440351763435,-0.214066716726657,0.219111538685278,0.10097476949126,-0.113775018189469,0.195247878558342,0.0268731567036121,0.0928446820739979,0.0213239927688627,-0.185180332097165,-0.0889857141068246,0.0430419565289279,0.318986969099719,0,0.0436346079017248,-0.155675571482727,0,0.0497078450279833,-0.152780583893288,-0.520072235997398
"560","92606",0.105480563025283,-0.204581010625695,-0.279815437813424,0.0820637860467807,0.288831159016152,0.0880952728073918,0.100832367835014,0.117234507730578,0.155658135848338,0.188088609813805,0.42412035223549,-0.517131988562134,0.079053577972688,0.130573363621568,0.105968086462674,0.142242436451713,0.209873128089568,0.195801996694112,-0.0813820052910003,-0.288110680919548,0,-0.148920947312742,-0.122651020935483,0,-0.0034883612796939,-0.0035674551631568,-0.0542314861504739
"561","92610",-0.214709595603644,-0.303955839748169,-0.291910369316829,0.0283604270078554,-0.0515250675345675,0.0620505441430082,0.0543005179308528,0.0774367332499749,0.0538065406415705,0.0506281795544101,0.197935853881289,-0.263115103322446,-0.0723764080020081,-0.106659654614397,-0.252560263736184,-0.00379704056681589,-0.036479550014603,-0.0605011583131734,-0.0998959447197849,-0.121560376776816,0,-0.0581185556233859,-0.0203719300765846,-0.167710989371289,-0.0153516620620134,0.0240261555726498,-0.169548904656802
"562","92612",0.2596039377443,0.103797199304533,0.222923983290246,0.185184462434691,-0.171486851998695,-0.14042585625253,0.0384199977024371,-0.0974535882195355,0.000108639991273425,-0.110574540348519,-0.10525690546146,-1.17683892817182,0.0491897215862247,0.122910998813668,0.127711029207499,0.0354365528063661,-0.0412896710784511,0.039241261878503,-0.357149309816135,-0.892415133384279,0,0.00419355805820687,0.0324644715222956,-0.781173762915654,0.0342167285127289,0.197810233560648,-0.176910530461251
"563","92614",-0.123686306669952,-0.491356116298192,-0.824724013028199,-0.0624640357034405,-0.141684725329975,-0.218048308733609,-0.0233788818013397,-0.089645485338924,-0.144396305140164,-0.190023136512453,-0.0361212142467656,0.188012997313572,-0.0336792625510249,0.0012622064246181,0.113751315921714,-0.0111348719770171,0.0513357450677004,0.130964072652375,-0.122143878160784,-0.273214956143277,0,-0.149737062137377,-0.0443259007007932,0.246621390048376,0.0401734140417416,0.150184950844236,0.0642308826309669
"564","92617",-0.0688224215453943,-0.0479342464793173,-0.0567043282374196,-0.0117503758128718,-0.00888840832858985,-0.0570707865198954,-0.0112011618094094,-0.044079928626804,-0.0638607755624746,0.00373965234057383,-0.0984681128369619,-0.135185309448215,0.0139845964359904,0.0183523642486717,0.060702414476176,-0.034757621786736,0.00768730263011016,0.0111086785811769,-0.0714268750166572,-0.034274405108775,0,-0.0801626074593711,-0.0699373220240415,-0.0810315981215118,-0.0238437684340485,0.0102405039130741,0.198378016629518
"565","92618",-0.0527320285035561,-0.0407785384500468,0.195686984026877,-0.1959065577081,-0.0881375409179416,0.058631595838716,-0.166669605230667,-0.15077392665239,-0.0521926918235034,0.140975845884927,-0.0289343797676688,-0.216284746141679,0.0118816554981023,0.0289520218441573,0.0245146810530021,-0.10914022896703,-0.110871437700608,-0.0410773720462271,-0.12520500060548,0.786300502307566,0,-0.136970589434697,0.0478550761979539,0,-0.037898233986871,-0.0460400156619524,0.0381514669138662
"566","92620",0.453460293721345,0.182987330881503,-0.34932193775424,0.162576797513974,0.251930964122156,0.521283094546826,0.0131816637182444,0.203120695624354,0.175736507125894,0.138350777064859,0.221040729850559,0.0878604510754391,-0.0337166602371408,0.0352930253270297,-0.00816764911309424,-0.042059449569562,-0.176702009930944,-0.0534991273353695,-0.211819266968577,-0.149653915489704,0,-0.12600061338987,-0.420679125559216,0,-0.147038036490582,-0.209887170287131,-0.604056414177331
"567","92624",-0.0870230889526054,-0.202027264449706,-0.336915148842061,-0.141959078951996,-0.11501226557596,-0.2199784856833,-0.0300378198087523,0.0353517392487656,-0.0783697980395168,-0.123588438153338,-0.121942726907595,-0.0814262480259551,0.0622270407016635,0.095828296907565,0.238427063000915,-0.0217279323924541,0.0355637552328702,0.0837053896398908,-0.165778406070799,0.438527859809552,-0.504788691863211,0.0800656248972791,0.0450238513172785,0.196997693407618,0.013746950394341,0.00634791617932901,-0.0748803074333968
"568","92625",-0.208757488567284,-0.361180520130135,-0.601268741372564,-0.311927938895099,-0.279234831350064,-0.148238118070118,-0.193738417988597,-0.264560231884783,-0.31423793563997,0.139010593334336,0.35970393039008,0.641369738853777,-0.11130061995668,-0.22875883804953,-0.320084332711578,-0.142030403767391,-0.308398680658997,-0.185537484207676,0.0254884320258104,0,0,-0.0887589564994451,-0.0917103429911093,0,-0.132098186873239,-0.227545063702009,-0.143887146216647
"569","92626",0.00593387517017508,-0.189984247580545,-0.519339565074214,0.605547073700889,0.0790439315865943,0.109124706557541,0.213039289345944,0.301208400599895,0.355207922934895,0.210506720029795,-0.224205853008846,-1.2241782126829,-0.0474667421308675,-0.122867175473527,-0.691885012607671,-0.106841261228122,-0.322231675531996,-0.0602027057940011,0.130177534129359,2.32105101828212,0,0.104360901266569,-0.0688829863916267,-0.240773771530142,-0.0237365149784477,0.00944447244523803,-0.0424604278517846
"570","92627",0.13305777566461,0.167046646184253,-0.100520007627569,0.28746856952972,0.646654175930123,0.448729598678435,0.20001482698983,0.0774541961635487,-0.0224538075703572,0.0221316189419878,-0.345822743108733,0.195717924654228,-0.00868698986134076,0.141010524273305,0.427206490921636,0.083644632368348,0.168872385954558,0.474044879773793,-0.235656069320272,-1.70526131467267,0,-0.0194625565787028,0.3017918479398,-2.68366981735719,0.094603517082462,0.530502894285276,0.24860957268983
"571","92629",0.158682010844996,-0.211570492425708,-1.24738785582931,0.260871286082544,0.207098113814707,0.136297294375905,0.244564474960075,0.05321325344044,0.116396192688654,-0.0669211905184848,-0.691126073454308,-0.789572422669153,-0.0951122196504481,-0.109413968408767,-0.0423925231465398,-0.136250725673167,-0.159163102833054,-0.083438331387557,-0.594210469755375,0.0397912570642878,-0.207091976167953,-0.232984362250088,-0.214851637039262,0.203391973321572,-0.106859138626428,-0.423007100868692,0.0654227045015636
"572","92630",0.579781868822743,0.323403749815715,-1.04289966434319,0.458910865685329,0.338207623966341,0.491233584263736,0.172795650985235,0.0467938713028284,0.0478466934785311,-0.659828543974854,-0.168895509608682,-0.947696739173642,-0.427637914835689,-0.223404642166373,-0.206462331088828,-0.435794732973214,-0.538195242842079,-0.294419391208703,-0.657065790255268,-1.61049134841826,0,-0.645835001332734,-1.28211736062827,0,-0.482727399038021,-0.499656561142202,-0.638803161562293
"573","92637",0.237761482105457,0.133034975631879,-1.6029085807051,0.23301487751706,-0.253688373059474,-0.666613928231686,0.163936926593022,-0.32508102892945,-0.483357979893474,-0.428455598196524,0.0675431020127786,-0.369968022920469,-0.236459442287092,0.189294312288274,-0.00143417429602033,0.109897536858735,-0.371078898888398,-0.150398300874298,0.291529816154074,0.0786141462903666,0,-0.234950975100505,0.300976787244505,0.480877565327709,-0.174832725994778,0.843237568756768,0.226419219933803
"574","92646",0.0703298088100168,-1.18744667949915,-0.688444313054963,0.431691163472005,-0.200206728486928,-0.324786768679764,0.325057688573376,-0.1027430350093,0.241118506520344,0.0615170822132664,-0.31390965152188,-0.543400824272355,0.00257025663923299,-0.0532877489662507,-0.301294826847291,-0.0535432975810641,-0.0258720367778078,0.105254704569927,-0.00117170575566972,-0.515739666166799,0,0.063679585573393,0.297736862885289,0,-0.135343288581218,-0.256648530526424,-0.199952504673013
"575","92647",-0.101812269527959,0.367761924121122,0,0.343427709515528,0.282652260156736,0.367643644048708,0.217556876423286,0.391929229040901,0.607587401183862,0.399598148307645,0.842834462511159,0.896923873829019,0.210814227818564,0.360433721539844,0.502313116129238,0.15588987638152,0.400129445793891,0.343350211615713,0.160269224618344,0,0,-0.2259600403912,-0.447168613842741,0,-0.14724451334574,-0.503416160064841,-0.394315466675438
"576","92648",0.107160234647947,0.277889955157022,0.424150933082582,0.0571606447604638,0.321308406471024,-0.249277439632375,0.0924345913726044,-0.14750403230569,-0.143934151368908,0.426721974262003,0.376874845543091,1.1815897333854,0.122266671420265,0.113477501537528,0.181478533214136,0.123066298346369,-0.0093213168086405,0.110238255057435,0.321936167897928,0,0,0.201972164609789,-1.75749801897134,0,0.094904180975521,-0.415474768263887,0
"577","92649",-0.226302149468255,0.0591112039458343,0,-0.0370046505174676,-0.217531459287369,-0.170259176573843,0.0852440397673583,0.0558760910963454,0.172936951602742,-0.313799820964165,-0.768842691033439,-0.322580668511187,-0.225734825060614,-0.300712018790435,-0.0964633926043587,-0.0641530510004667,-0.180035267918101,-0.134786910796035,-0.158517724929741,0,0,-0.387162471090074,0.269280189819946,0,-0.0755156530035744,-0.063605374586139,0.64048550216441
"578","92651",-0.422431315455061,-0.333594218562095,-0.13548727314513,-0.114682147311174,-0.153116844384196,0.0336810494182918,-0.264574431091089,-0.251786479499886,-0.361538826169719,-0.12976400902591,-0.427504324467788,-0.24608303689542,-0.160689052416679,-0.0669006999851234,-0.163161372121897,-0.183249886744366,-0.204644496547455,0.00731634554058503,0.308680248715431,0.27560544169085,0,-0.0485994122098287,0.268448562165711,0.0598384300928473,-0.0127746679656968,0.0242054536573119,-0.323461269681078
"579","92653",-0.10814190234122,0.0682540557102432,-1.003827134407,0.394124115076408,0.304215867298101,0.159420203701126,0.190697123908838,0.280436294822125,0.500735634203579,0.111121489480255,-0.485482624174127,0.0454357560750414,0.0821830713043048,-0.0552126704135162,0.0975391680171046,0.270297224609299,0.397783683412744,0.584177080520818,-0.270825226048253,-0.0789272529126571,0,-0.15038154326255,-0.337199374698951,1.63776140437781,-0.0625427548547983,-0.455091535861707,-0.0493589045730131
"580","92655",0.566707875900242,1.00938313667725,0.440452628372628,0.193569916953074,0.321510974376329,0.305789819334381,0.160922516839247,0.13825377114255,0.243879436962481,0.231126397061531,0.381026602560402,0.579703441990422,-0.0161577500925167,-0.0352364313545893,0.176688391239689,-0.102152519508834,-0.195952401105436,-0.0996295695628319,-0.181568334315231,-0.328641403013532,0,-0.213336625819046,-0.330098675577931,0,0.00203431034976153,0.0537873092489597,0.44259448773701
"581","92656",-0.263459675396416,-0.591790890916938,-0.877452248466477,0.0333166005431112,0.0415702514638961,0.166258919127489,-0.209956273758,0.0961440850564102,-0.0443293282792386,-0.485593237492841,-0.199988318554291,-0.33205913619049,-0.0363092401659434,0.0922398904973814,0.14821136197562,0.0623220074168152,0.129632058478537,0.0740395248353126,0.251836758838612,1.04131156533055,0,0.190635766946377,0.198028675796766,-0.171993393788707,0.129704308241066,0.0193893628706958,0.430244698693639
"582","92657",-0.142740348956129,0.0199225391511012,-0.0347683178618921,-0.101911198693805,-0.125424230827704,-0.0421215967406834,-0.115690332905487,-0.155091265318173,-0.0612351513244722,-0.0369491461055208,0.00666813086113633,-0.224137143936053,0.0183359981094768,0.105836357345456,0.0744929235288436,0.00584387855978799,-0.0481744011800273,-0.0428145160263582,-0.149154501740592,0,0,-0.0996116339504865,0.123959105296982,0,-0.0958225598437578,-0.0895060768213902,-0.166780665225691
"583","92660",-0.200357057571956,-0.573775019052813,-0.659692200860869,-0.347071268254578,-0.46779201747479,-0.915784474452761,-0.0719005423465399,-0.243218885168548,-0.330357538518692,-0.453638930805181,-0.220922429493476,-0.58031661527311,-0.252589172688274,-0.297966756630895,-0.0367932886320754,-0.237256881764507,-0.21167257830703,-0.0352046941822485,-0.279451142762065,-0.878239704588928,0,0.115823401158776,1.01241870489247,2.21077518394349,-0.056083886627144,0.351970130140647,0.931523586664685
"584","92661",-0.00267328174121832,-0.0682190507929061,-0.179837652461176,0.0925668229754707,0.143012545128234,0.012704946644461,0.0226404532899568,0.0746298079611338,0.102626388230648,0.0296505170313788,-0.157591455257354,-0.145974537399664,0.00900190267783953,0.00137910872994878,-0.0248767099999708,-0.00938979384582156,-0.0535379719336608,-0.0288302374071792,-0.0622669544550352,0,0,0.00966526355865392,0.0172744573881019,0,0.040167359788477,0.0828600548331351,0.438795352665345
"585","92662",-0.0232494999992371,-0.0119731930751202,-0.159797872935556,-0.0608588306917043,-0.012562400708052,0.0551768279475656,-0.0465353790831506,-0.0582611340255802,-0.0506298434203921,-0.000378567500746618,0.139605433794402,-0.232654577881736,0.0276552244261798,0.0977614541638194,-0.0362448896472711,0.0241230169747138,0.0539513060240311,0.04820176370849,-0.0205404998185223,0,0,-0.0323742589293408,0.0982363813274286,0,-0.0801092858075068,-0.0407882368556966,-0.102023040455892
"586","92663",0.370850794854319,0.132824741307077,-0.196507532658033,-0.195513617752547,-0.186565041241846,-0.128708136697803,-0.236156589158759,-0.412418225329278,-0.379220481438363,-0.182698857003172,0.105188483240371,-0.306804849594877,0.0135634375084669,0.151053782346045,0.0525957736754475,-0.0211816234698073,-0.0311633755808598,-0.10586811596365,-0.258071346306813,0,0,-0.332585941313959,-0.28112285725395,0,-0.180151810802242,-0.165464820674493,-0.103769850532976
"587","92672",0.0184361963194352,-0.664387586854814,-1.00814665052634,0.0217970506014829,0.00856548450859702,-0.645186322322572,-0.189910147437332,-0.116372208139394,-0.419540918780532,0.373144838009424,0.430908502393493,-0.0131432712048542,0.248445889332688,0.0209450456254123,-0.149303157202671,0.35142439204334,0.253605067787128,0.0320148306160653,0.841008290975256,2.15139565686208,0,0.224127956757517,0.331300212473773,-1.86934493607319,0.290184254486192,0.0481195700137256,-0.251900008256403
"588","92673",0.0890074636815667,-0.362903927516711,-0.962398639184796,0.0275774483233913,0.240852921932831,0.202670796315557,-0.229170787451966,-0.00096628969560315,-0.0115876392355476,-0.0845462654168116,-0.20242486315508,-0.394065692945359,-0.447978948913298,-0.25425752333678,-0.505985135194068,-0.179569861175755,-0.195449743815296,-0.187666897826241,0.321963590408891,0.471037062846093,0,-0.0980895021226539,0.176880109578936,0,0.0131583672681861,0.151759567099031,0.312213992155637
"589","92675",0.0709755367829629,0.0220004059733385,0.728841439240897,0.14066032320426,-0.328051967284023,0.142327510241596,0.00659792018196617,-0.552552987398384,-0.268858954518524,0.0147641351638869,-0.113467290670947,-0.295051913437805,-0.0318794824642399,-0.191722145533228,0.046319076713944,-0.208588168216909,-0.139359316506221,-0.28149814883385,-0.247982825366585,-0.100069656444614,-1.69137201681229,0.122804959495737,-0.55996756872006,-0.823658773565059,0.0479899463346945,-0.306904675410739,-0.978978903709134
"590","92676",-0.0123027336768885,0.077304171469469,-0.162119426903854,0.0288360733368708,0.087474249234407,0.201936849533645,0.013479234081799,0.0357809294674003,0.0719163012811902,0.0806103903577491,0.153039253513373,-0.0797526406104836,0.00858179538483773,0.0273059306933739,-0.0401122015193936,0.00438315015139988,0.00309226579198371,0.00168072540581001,0.00161687297013021,-0.0141853176664327,0,-0.000846047495294025,-0.116531069095623,-0.0640460106620833,0.00224850024151885,0.0481598430712642,0.0434757628757315
"591","92677",0.350507444967862,1.24769081029531,0.841203991713214,-0.10214968371653,0.652067555875143,0.819566814517319,-0.0417367847860904,0.0772463032497912,0.773112428751825,-0.590016704716618,-0.621509407321131,-1.02170578217189,-0.0671370990856864,-0.179573379049791,-0.141763049250674,-0.127696631102533,0.0964016920458129,0.208885862647896,0.0960107774661683,0.84368083463247,-0.278779428102362,-0.277781804901981,-0.133011057730318,-0.720086412278704,-0.106667774380548,0.165385970976168,0.157970176451643
"592","92678",-0.0159860088719607,0.00881290854838517,0.0264133213130369,-0.0261099712522367,-0.0265447296827038,-0.025255795535427,-0.00805333212289217,-0.0240214030747403,-0.0180076727539978,-0.00676990873919821,0.00412834428546992,-0.00576815874040258,-0.0116370388580555,-0.00172883398564856,-0.0148397416699704,-0.0148144418156569,-0.010053389510844,-0.0108214700535676,-0.0180445947653248,-0.00301943549356057,0,-0.0237081684205628,-0.0184272825357278,-0.0176521502001778,-0.014581761861523,-0.0239335282202145,-0.0235765541185516
"593","92679",-0.126062467374417,0.0678141575236964,-0.590134152764472,0.0806048333766947,-0.119262676241771,0.0581209887466434,0.0116991559728055,-0.0565186345955145,0.0179136491137008,-0.129456878311257,-0.115455500995727,-0.412655255125065,-0.34490138601496,-0.289650630844697,-0.366564226292947,-0.187115786782024,-0.0819259190413407,-0.188934640191669,0.0611070105359648,0.399077024625053,0,0.0561857438263856,0.510581900483409,-0.357089281765856,0.0065025294334754,0.0830621831735203,0.135373009561425
"594","92683",0.0866307042659018,0.443501421608064,0.0228808552463097,0.372826081967952,0.972127636724221,1.27817729415957,0.275189333439855,0.0653805581019867,0.657370056423514,0.466395659069527,0.407879224181246,0.238513478735512,0.300740037556594,0.617945457857638,0.685471070168737,0.0219356593093697,0.121966148902974,-0.180807870931202,0.201971402083017,-0.167263745540129,0,-0.272085181907519,-1.27769815490589,0,0.261959225155154,-0.374497742881507,-1.83379875275925
"595","92688",-0.053636962905632,-0.034347304861301,-0.137939131942688,-0.239344278898903,-0.0336542083673554,-0.0992673482194562,-0.257947063091352,-0.248327874969657,-0.119751576436206,-0.39742159600002,-0.712073572041967,-0.651280290334388,-0.310240131074415,-0.541903877240655,-0.441507899685463,-0.263162257316931,-0.439354143521246,-0.440035377997328,-0.096235673557222,-0.0189206500221853,0,-0.151798456571767,-0.509129390704788,-1.42185024595375,-0.0841964381078413,-0.0398985187666669,-0.591443910405631
"596","92691",-0.280824951788628,-0.846896216222298,-0.873056211483054,0.620595858652408,0.301391352994222,0.0220425557174077,0.338613254664954,0.324950410499605,-0.200970694021211,-0.171285734069013,-0.630939806470977,-1.48402449834224,-0.100221052044954,-0.38381897800695,-0.229163622043216,0.204740121836605,-0.189073125291567,-0.225712643747204,0.290332131610982,0.684793341232201,0,0.258437499780075,0.766770816168222,3.22360341662727,0.318094734523904,0.635322405170755,0.458550784910749
"597","92692",-0.612682043552879,-1.01252528881538,-1.16654902105611,-0.65508117796561,-0.815350944758337,-0.887302539463243,-0.0921592951300841,-0.256073656492602,-0.382064073603647,-0.0599772854779211,-0.131933481176794,-0.30593436618001,-0.323923224647703,-0.391364494244552,-0.412474377430871,-0.131848460917935,-0.00337128438476441,-0.138373903189019,-0.339552921537151,-0.667205137449081,0,-0.22851378568677,-0.486211616837516,3.42183275960784,-0.00544599735318856,-0.207408900830842,0.409836482085116
"598","92694",-0.00497648580865848,0.0948113345041169,0.182791123756203,0.0627245386224569,0.0202489246797607,0.0231171030666367,0.0756490701671086,-0.0211510915734715,-0.0626557553957548,-0.0271609895034632,-0.0990839232137373,-0.154820727651813,-0.119130322604673,-0.142029567634137,-0.175044151808182,-0.03145977916839,-0.0454960856541377,-0.0944746546022013,0.233170595964336,0.700918832061615,0.424810584460195,0.149701069090977,0.437956880370439,0.081310625999297,0.0109350504168055,0.0420992115362473,0.363219484423919
"599","92701",0.716797947071475,0.336306456000655,1.10256012411677,0.496432024007593,0.218971682074654,0.288315560543121,0.378848393691638,0.34393261378396,0.059305331347851,-0.165168289201981,-0.250355039090357,-0.22408132745361,-0.0126043599440282,-0.133050535822661,-0.177957598749638,-0.10218598877436,-0.238628603465436,-0.139014754623282,-0.115166306505232,-1.11756711134198,0,-0.118544884892772,-0.454091338369026,0,0.166900789558596,0.0681228058641379,0.450316203996855
"600","92703",0.0045729767284263,-0.956457260919805,-2.2127124366827,-0.0215014292565823,-0.493689933882515,-0.389402416752997,-9.77576163924236e-05,0.0178965914276022,0.0129123387691916,-0.525473533350466,-0.134410097747987,-1.40001023020024,-0.194900473396302,-0.267931630414355,-0.504042514403125,-0.18375136499884,-0.332006890338274,-0.297010774276936,-0.231658018964862,-1.33040112099548,0,-0.402693899652698,-0.959297216160285,0,-0.221959220830996,0.278115221774039,1.36258031220856
"601","92704",0.273690864631785,2.45865080604532,1.62410492225852,0.56401407706923,0.823920442562145,0.018863078266119,0.300570099948029,0.174301272784567,0.120522802498402,0.236249684753307,0.173166374751583,-0.0254850131094129,-0.0220826260349587,-0.242527560242643,-0.647510279826645,0.0487515139710734,0.0162297831903534,-0.144655136253318,-0.325505220257345,-2.03584196350649,0,-0.375318529384449,-1.52116279706546,0,-0.0090968581717046,0.0718275122252766,0.724327656020344
"602","92705",0.456289070315592,0.835186556088017,1.49612270733672,-0.000764608219858077,0.161142900000259,0.493150024853317,-0.189475785569984,0.0344977665949644,0.311341507570409,0.239829554073718,0.239514166631131,-0.15936206888691,-0.0573288965240241,-0.10609172246056,-0.280504839246418,0.102018673379769,0.0120212734102378,-0.027430907999534,0.0772269453904662,-0.35818630201885,0,0.0784899486125003,-0.276281392221277,0,-0.192233295243125,-0.24946062951649,-0.546000229495351
"603","92706",0.158736776937454,0.257096527176446,0.881555157979584,-0.00810046138985478,-0.0645343273846259,0.288240052359536,0.122930816455079,0.203552212455536,0.470393006384494,0.338076369584074,0.726075699194072,1.26286186169925,0.264174036537396,0.364498409917602,0.717371461781808,0.116859588990732,0.256672955453692,0.392037054285767,0.15238960685027,0.840664728859407,0,-0.0466523869333707,-0.200510432454369,0,-0.0491388250736008,-0.352106550059556,-0.249798703228924
"604","92707",0.220247449842652,0.340591232109832,2.02674074367163,0.0559680086547822,0.0676713785040729,0.0705956464738142,0.063118371101829,0.100450061912368,-0.0596535679714064,0.5124708110436,0.2271316002894,-0.498876132737743,0.0653521659973796,-0.121035500613893,-0.46188527569543,-0.167721510789002,-0.122872617980626,-0.369369024828819,0.00292619575635558,0.549990382638672,0,-0.304252189509971,-0.215522534860339,0,-0.143719595693824,-0.126479736753369,-0.437528607249518
"605","92708",0.05343872715509,-0.257056887327107,-1.4447380998645,0.344181847545478,0.437807504779148,0.529066509186823,-0.156378680792773,0.28731579320707,0.0865918611895174,0.438559131015447,1.01259517306495,0.106217587153912,0.220926716516134,-0.122619888558625,-0.113893615793812,0.306771581641284,0.297589508348546,0.434205998027614,0.0376895823871338,-1.81296804057825,0,-0.158560295909469,-0.514999318844449,0,-0.0213673655605106,0.13830570663297,-0.201264721253284
"606","92780",0.0127359070876335,0.279725598060077,0.688432926951263,0.193523163871056,0.293664710187443,0.592491975387882,0.0554575478292167,-0.0126636047165806,-0.0705075224658113,0.770137707302285,0.473711741339706,1.68498577359378,0.274193413703162,0.623369959417006,0.608868547784918,0.181358801149205,-0.0640219870266494,0.0364087029398949,0.117646077498499,-1.07158834350094,0,-0.0734450956899239,-0.298942319031298,0,-0.14177561241425,-0.331451135006886,-1.26516174840509
"607","92782",0.1864506372603,-0.107787064227097,-0.0766688159061467,0.0846510722763071,-0.113583854312946,0.15946539540112,0.184263962491054,0.0772778283161898,0.143338054723262,-0.250517313083574,0.0557418321491221,-0.0156263084495794,-0.140281558826764,-0.0627618152015349,-0.0124138041131923,0.0124862817789242,-0.0827761140534295,-0.0568744071514013,-0.170918869259499,-0.419718708904565,0,-0.00470088314949272,0.396953761909056,0,-0.0477660545274495,0.0177772868951924,0.51048546138936
"608","92801",0.215654651852098,0.643532476032645,2.8055151567808,-0.206699783027938,0.163262619951804,1.19308961317328,0.0436973367958571,0.34067578453146,0.794858187028792,0.26528420254479,0.782667748781233,-0.239943755594048,0.415595235967686,0.523571217177623,0.541791280007511,-0.109047425598025,0.0341749295587292,0.175476176057186,-0.871130512507806,-0.325344023989419,0,-0.161261754637242,-0.440110157504538,0,0.0825424162870827,0.388211790781483,1.19219843404402
"609","92802",0.00551119917544585,0.142393188756478,-0.560741030333141,-0.0386470123198138,0.00199443696176179,-0.515403492755368,-0.0752163616923384,0.32249200009242,0.855418480203473,-0.261398693927039,0.0119338203423552,-0.665115311357017,-0.199705899498464,0.0412770065187761,-0.373951692562369,0.0270079178931126,0.155821701458024,-0.0322447211000838,0.0436799444283474,-0.993772214886784,0,0.0178313988612108,-0.601084215535243,0,0.0145688431301705,-0.0755678355794555,-0.120631038430103
"610","92804",0.81501979509355,0.850806078240141,6.01245867449393,-0.0425684920367867,-0.209171328088856,0.38249930714442,0.0329512057349771,0.160423814505193,-0.0931597281377754,-0.0954478755489876,0.349122365644093,-1.81016872365587,0.52068217913654,0.526497425991258,0.59511884112726,-0.0321701473026037,0.299365824973339,0.101830507611191,-0.276404268577997,-1.85298859994159,0,0.0231099969121517,0.49789248384162,0,-0.252930646752464,-0.390075841070657,-0.697484520655128
"611","92805",0.27694126330176,0.434051640756841,-0.268721261819704,0.171035695802415,0.0762882230788177,-0.128178697302642,-0.00173978668547843,0.00781629039964678,0.0405064464651926,0.228263216688562,0.0696716244562702,-0.882873354180238,0.111325511540812,0.0960485666121524,-0.351921865782477,0.157198883002835,-0.0224525983594438,-0.0909637751795671,0.725776406507729,0.773140559661754,0,-0.00178734578690487,-0.39160414654346,0,0.0806574745507485,0.0773083360319516,0.643892696948713
"612","92806",-0.125627934919598,-0.270248555860434,0.0420432658133452,-0.0551526557622373,-0.35262924520867,-0.481452529589359,-0.0103585539934136,-0.129541610982992,-0.0423702669954926,0.0692489700527087,0.184689389149647,0.0792936248427032,0.150344881347808,0.276447445546646,0.354884577790384,0.0446665919574113,0.0408432961283207,0.138437343125605,0.157464169839819,-0.69537799728005,0,-0.0206487111777657,-0.484371591766811,0,-0.100714192140381,-0.390987575051254,-0.357991361070893
"613","92807",0.188999273728825,0.78933908809417,3.30322337006427,0.152789793662553,0.21557293458497,1.06760327808673,0.0494079745619979,0.0372459832014285,0.253065827877717,0.259826334274071,0.518763624251691,0.662583903657661,0.333835335904395,0.24344002679993,0.59351629503999,-0.0142927595615533,-0.0761627990247544,-0.0128908553757527,0.354054692653378,1.12798185885776,0,0.268597894927433,0.254735801680972,0,0.181343217400534,-0.0447024494263065,0.119367774227718
"614","92808",0.0395288677255243,0.0439631080288275,0.5086317193039,0.030893108145237,0.0204582971839804,-0.121935551805839,0.0631228115099749,-0.0637145196336308,-0.0368225867951097,-0.156955195257483,-0.34830919645383,-0.39099023317272,0.0489887079362815,-0.160878513600975,0.00343918812984037,0.07209173543718,0.0858651912496663,-0.00138566475617908,0.244857967974082,1.24033595765662,0,0.10717995552876,0.763186198383329,0,0.0148023303215377,0.303827253310627,0.412618289281316
"615","92821",-0.354678419228429,-0.414059393686992,-0.771784722070153,-0.138667504994507,-0.392692491081329,0.391352505986974,0.0116497221094322,-0.103292661727424,0.41347199330182,-0.230866100281427,0.00865945414095082,-0.690447872747102,0.194085838679214,0.349564628945805,0.379435451055219,0.00644970086799935,0.111067012514291,0.115108345896826,-0.207055666521243,0.620023041713086,0,-0.326001667972332,0.290152648508288,0,-0.0898857554717759,0.00343578806509646,0.938746135874833
"616","92823",-0.138453547124737,-0.108167310262734,-0.0755187806888303,0.00856270802917107,0.0833054354165174,0.0119095310223566,-0.0100935733114686,0.00924223893763153,0.040577320181668,-0.0978186557783204,-0.0750593905429201,-0.0852618632343344,0.00316779522862868,-5.80853776776312e-06,-0.10332274054022,0.0586703196920238,0.0619009843048095,0.0509336575803395,0.0893138245141391,0.275710584243955,0,0.0863722990910157,0.140581995269741,0,0.0828783992665079,0.0653824971814106,0.0965953436186625
"617","92831",-0.445780257997458,-0.983132364573918,-0.88359857340518,-0.523893070493319,-0.608750684040161,-0.758971662062124,-0.161852051372182,-0.234474475831332,0.14577378821834,-0.621167147423757,-0.549822024711894,-0.460317370139646,-0.235075117794555,-0.325378828278297,-0.218437697973732,-0.169349766496417,-0.125895470680707,-0.118225010542822,-0.31478315307897,-0.788342875158306,0,-0.18331792587986,0.0152366757104742,0,0.0186689169540373,-0.166456478515208,-0.157886537129036
"618","92832",0.1069622070883,0.461574930648573,-0.276552638360479,-0.0320271732930567,0.134516995152721,0.111217590150922,0.0610566760866544,0.172309848768244,0.0930284619279008,0.453629689449803,0.384775227409938,0.375746815020199,0.173350873268443,0.3078208227365,0.368333678151077,-0.0690770898137725,-0.0140551847546007,0.0605277028533381,0.0151779295932299,0.213072801814906,0,0.0364734536745708,0.460835052911494,0,-0.0357763107873816,0.14020939061411,0.109270518688379
"619","92833",-0.409073993477685,-0.822668567676111,0.156933871543143,0.141434608848862,-0.343501767756517,-0.741932715866049,0.275907154271117,0.276143718466656,0.239559728152252,-0.377513159836449,-0.602771657805152,-0.647474841183258,0.00204312040422832,-0.16254888770178,-0.416048321462768,0.174451086830284,0.0505329583255651,-0.156599067406425,-0.119610086027785,-0.815031618732641,0,0.0031311073032855,-0.498380199565826,0,0.119041044741218,-0.501679218952488,-0.588249909695302
"620","92835",-0.648440544236482,-0.60426961781815,0.17276415899165,-0.245868417007015,-0.337842658160456,0.0347695895072668,-0.167726489074985,-0.090767802671598,-0.065562097590761,-0.345481079163245,-0.0258618428993727,-0.277401160986173,-0.371347011793741,0.0728236792397663,0.502262001962814,-0.189870064878074,-0.139913891298761,-0.0442355452329109,0.25318031270036,-0.081704302425209,0,-0.00542078650452663,0.226676641165351,0,0.0735562686785833,0.124925149267858,-0.0537788972397349
"621","92840",0.117305887556869,-1.06773133410237,-0.0392893115068354,-0.0676311511297787,-0.238749482533672,-0.172590575452135,-0.150563825687688,-0.314450859811396,-0.374248378859723,0.266601107769881,-0.372282843875122,0.695771957369823,-0.0509511574735339,-0.1030117153755,-0.252365592328761,0.10012287645398,-0.225526393796685,-0.287699886451114,-0.429209358173893,0.808190947085767,0,-0.031302484197583,-0.291192188836349,0,0.105481706038445,-0.060613552537548,0.371958553246192
"622","92841",0.7735383159008,0.34824009089391,0.466879555773516,0.351104840383601,-0.15190945175423,-0.0565954905491868,0.0575546264799967,-0.0318107247393655,-0.216994889167583,-0.106515890494902,0.00229295708627298,-0.262362635542014,-0.327065034364817,-0.117529156008597,-0.292141599506077,-0.173298748676956,-0.0496867655714317,-0.227981297914587,-0.245076430418555,-0.38770458921321,0,-0.269933049321835,-0.817541133073606,0,-0.192965161103842,-0.391064381692663,-0.0767270456765097
"623","92843",-0.344709753066703,-1.33299114316604,-1.04836569765433,-0.36099763996917,-0.612142675461097,-0.222562158633663,-0.313692215593087,-0.185458720805819,-0.0866068342539928,-0.443895645326193,-0.380890092574563,0.373235491934301,-0.0242033618051544,0.245850076102979,0.467121185336701,-0.084103462992205,-0.125806054272766,-0.25578314962057,-0.240031957509535,1.37962955379704,0,-0.314148773530866,0.592494736734773,0,-0.304197897233939,0.210503195571063,-0.101511776372687
"624","92844",-0.283192726975318,0.0171827202463864,1.9757292770231,-0.105886110534062,-0.0486133549238401,0.137026680851257,-0.217258164612426,0.0778215892457603,0.262064977559849,-0.187830597137658,0.0728727171633437,-0.188714337570647,-0.205588471963282,-0.2137204003557,-0.094629686376077,-0.0343556573706194,-0.0657173211213386,0.0418323453303223,-0.194069884145994,0.295221989145042,0,-0.224693779035414,0.067122936280693,0,-0.196260409253638,-0.161975121249494,-0.0937116871852502
"625","92845",-0.290707154885443,-0.168283851894257,0,-0.235839439802626,-0.184918191151331,-0.681781291753482,-0.234001944910186,-0.128564548235717,-0.460253944744052,-0.00436010390342197,-0.509542911570183,-0.075744977560792,0.0276868266467588,-0.128191762463155,0.203911131208563,0.0315523540735236,-0.0289647273854495,-0.118527135116663,-0.0746208795484155,0,0,-0.0462338752138064,-0.437876383477146,0,-0.0486568143483283,-0.0698182033054016,-0.965798971053046
"626","92860",-0.0789087394293041,0.203445942486638,0.361342581676315,-0.0851320850513203,0.150470808001835,0.0672804538562071,-0.122842346552912,-0.066839456623113,-0.0796724583797546,0.0735600797644862,0.200237185546408,0.574293813483379,-0.168022464875142,-0.210340487288192,-0.058457417075177,-0.0717545609770425,-0.160213120774999,-0.258961448016976,0.0472095222138957,-0.291663443367674,0,-0.0175337498967559,-0.531711028087214,-0.850956036993272,0.139486301518112,-0.0970779984956795,0.0251839501910084
"627","92861",0.0734646013711857,-0.211143395560138,-0.157108960345269,0.0166348111933568,-0.172930155809353,-0.249500620146945,-0.0127440143349635,-0.0884373959131158,-0.125674180419497,-0.113379479575828,-0.101212023399013,-0.0234254459100791,-0.0772846449692319,-0.112925915688502,-0.10746151292647,-0.0115517993246744,0.0271221311545462,0.0988725320555042,0.181373554972897,0.622979718094383,0,0.0715804694643659,0.1244690534326,0,0.0404900246937919,0.0976593491353797,0.226848413256042
"628","92865",-0.293638845946911,-0.0835463793412809,0.845120676421719,-0.137240817705486,-0.182864034682375,-0.119899580319416,-0.0623167930071548,0.0897235531330299,-0.0305633128575516,-0.179308756776938,0.0384934561035561,0.453987766429542,-0.0884020756870332,0.0924648474875149,0.164408112409898,-0.0338237732386603,-0.0247057742523735,-0.0842121054555728,0.0547366002785927,-0.506055080984649,0,0.054930416243594,-0.0520031257448673,0.181490841995133,0.0143523893972082,-0.20484677382509,-0.260459588238592
"629","92866",0.225298627722322,-0.142652028244536,0.328720199256364,0.225223558501026,-0.199848314273075,0.0367548391131418,0.183595631909656,0.193765211373996,-0.016443716975533,0.0899976648983449,0.208844634157172,-0.290666365780621,0.25610956490198,0.414600456032402,0.469712280763289,0.158468720717335,0.243090132905855,0.18456912373844,0.30285461956026,0.379260562927298,0,0.148477476133415,-0.263220796825954,0,0.0445191797901412,-0.0679164065369983,-0.12986218352912
"630","92867",0.167732823383847,0.057181600155497,-0.142963737463633,-0.112716871053357,-0.106677441094559,-0.363830019398485,0.122911994488456,-0.114131311495177,-0.547889800437275,0.0755173422091639,0.0419349287816741,-0.769972972372228,0.00183675279765109,0.112619715184179,-0.238052372610363,0.0599425366960209,0.185174544984522,0.357533419748231,-0.28587325707564,0.466982283239616,0,-0.218143616583126,-0.390628173093047,0,-0.110441567177407,-0.308043548470626,-0.406140754700058
"631","92868",0.369705964963432,0.622427014373136,1.34910944193925,0.232390705284374,0.323584779847381,0.188305918866523,0.0724933659259641,0.0376121828431139,0.134996250820089,-0.0992131611414465,0.166548491298961,-0.454971649748409,-0.370033023775782,-0.354585611312417,-0.0803960656284212,-0.0206023546279758,-0.151769360189429,-0.17726068209435,-0.445826375076878,0.469937447163128,0,-0.172985484980811,0.489033435893932,0,0.0233205927289749,0.225151608553512,-0.222188786034006
"632","92869",0.117890726068433,0.140012675470569,-1.06515242848695,-0.155274988514187,-0.269627607794883,-0.684782050079808,-0.168047196557892,-0.124277273578327,-0.0887047069788121,-0.156833279952354,-0.110826722649194,-0.329768368990019,-0.180370197693751,0.0772211939512072,0.150523229697074,0.0699268283498394,0.201360318481504,0.301501383681926,0.257897568761232,0.0747591725304295,0,0.172159109822565,-0.2865483432633,0,0.163333262295743,0.327794029937831,0.416299895460123
"633","92870",0.0531582948594871,0.110806304556718,0.440752653973249,0.0818215873326708,0.0016437691138466,0.857557123035316,0.0182575985350989,0.199843566903082,0.591607147901934,-0.428785798516138,-0.53072410670905,-0.611108829741461,-0.559827546793124,-0.578813484799019,-0.407930719745713,-0.234686060279072,-0.489476253075828,-0.418219557695276,-0.608462114339668,-0.377089474556806,0,-0.353074554708491,-0.570479637094099,0,-0.360535934755341,-0.12822094438702,-0.00752418343845424
"634","92879",-0.178413155014774,-0.400820126577558,-0.220761750844714,-0.1059175869506,-0.0886021943899216,-0.0913241966271837,0.237311732473708,0.131701030614438,0.0905321887873763,-0.49881346324665,-0.274242583484391,-0.417917649553456,-0.270126461938367,-0.149325083278424,-0.318194897729699,-0.213044585857501,-0.130963736913675,-0.349845664042771,0.223699264708375,0.189388750003905,0,0.188003678876915,0.287728304182762,-0.340273196958458,-0.201219560151073,-0.216776421596116,-0.529310635433655
"635","92880",-0.268145488261505,-0.514032039940555,-0.981041008048205,-0.153665765478578,-0.400883789292052,-0.667384452008007,-0.112015219394933,-0.176330629970947,-0.365986501562414,-0.134277318320038,-0.380980157642382,-1.39138719070877,-0.0554332781062916,-0.0976223087502818,-0.35758281777314,-0.103988920573011,-0.108627183114252,-0.183766744949314,0.838653746414364,1.01237807758065,0,0.248057842888094,0.861804558589124,-1.13296681659851,0.047518150815679,0.173778475813785,-0.321628981321532
"636","92881",-0.519312179593141,-0.441156436672146,-0.675493368803665,-0.339755014892272,-0.471608343793049,-0.521737695936915,-0.0764603013452184,-0.159415345049659,-0.291753763323619,-0.282847830859651,-0.154076721756239,-0.0421082372403134,0.0602518629094317,-0.144899149506772,-0.198836733150989,-0.0563941471094053,-0.0597645911302806,-0.0919350942981968,-0.283431670523085,-1.01996991769984,0,-0.0184649082614085,-0.188808558733138,-0.41638361348194,-0.0223614648127966,-0.220181553302012,-0.327360541135464
"637","92882",-0.512519677733315,-0.747286600214707,-0.75443839265913,-0.515057264354446,-0.449930780261716,-0.641158803903317,-0.0110607118090211,0.248215806581207,0.114485113956222,0.213953889059692,-0.0594246801505682,0.159119999404738,0.25686941408435,0.276327846917651,0.632759855806328,-0.0562321541577465,0.229878105378621,0.201625583397971,-0.079954512967414,0.0404497871667419,0,-0.0602722873756363,-0.445873729057396,-0.219431903090794,0.114562120689251,-0.0204386752357157,-0.135592531285259
"638","92883",-0.267813561103341,-0.125480666074048,-0.767367379793341,-0.116683618140928,-0.094470538335482,-0.319909006489686,-0.0355139574506884,-0.159787958275444,-0.0613231581590477,0.17200170638937,0.0434555096188137,-0.19868813130233,0.101291586471572,0.0237363834439947,0.102836355478036,0.0980262189209003,0.117097343544062,0.0882968596713211,-0.160296410791534,-0.252236270407354,0,-0.0452200583781514,-0.249401951866822,0,-0.102753097775949,-0.247848247869992,-0.145926076750346
"639","92886",0.562880020039025,-0.127454766031354,-0.341549813541995,0.228821490321154,-0.0488363680457258,0.0465893554456871,0.204390347064485,-0.0454246724479835,-0.18213881689773,0.135066036988799,-0.22868544144778,-0.363905698109261,0.229305126131534,0.0990435147018384,-0.414362761295773,-0.0554967795668441,-0.187809941042144,-0.212967103174913,-0.407542391359503,-0.424618520573366,0,-0.478605681993398,-0.487023386796703,0,-0.275005289145072,-0.178843565480942,-0.123769421694767
"640","92887",-0.098865551945384,-0.290309808064918,-0.0240328851622856,0.0219583648026462,-0.17079434813962,0.117223652877208,0.0842616390715252,0.0746583120890353,-0.117354046439892,-0.159946820311719,0.0164849328039818,-0.172327574055477,-0.0528621799328913,-0.0022373291122701,-0.120785732103858,0.0119603716659765,-0.0323095182596006,-0.0142859739998174,0.250958847661914,1.53236230353471,0,0.200186761248133,0.257928401215246,-0.948985459753456,0.045430498900294,0.00562166519455117,0.0383878755512987
"641","93001",-0.370605849333255,0.622283599078726,1.10513337062137,0.32760136298518,0.41549879460304,0.265939901018828,0.14063158396188,0.0883029337819051,0.0827170100706553,-0.471885117039019,-0.25927524195625,0.0623771831107117,-0.155772612473524,-0.436174346052434,-0.293295071001409,-0.0169664832391996,0.120580331567794,-0.022569402250018,-0.307963774732112,-0.430525244815263,0,-0.0941702029622923,-0.046499876378489,2.73339813048526,-0.0322167158041809,-0.35633389440889,-0.271050224473509
"642","93003",-0.0623379815607421,-2.05980772605706,-2.88575632555967,-0.107362962975647,-0.82246968553307,-0.75062063901877,-0.311656973003893,-0.396404061261648,-0.369161779002959,0.134482059548234,-0.00477733000452935,0.0859947354036602,0.00462257632428488,0.170286289145428,0.104670832883296,-0.105086271532083,0.0330793763104322,-0.357987519910574,-0.059501359836843,-0.258414482317889,0,0.310660241002211,1.13345237955379,1.81477988306317,0.253990001870598,1.12229687273344,1.83541011708498
"643","93004",0.124453379233696,-0.290447255123873,-0.752718164012821,0.157336206707739,-0.100487229914669,-0.263541186932339,-0.057915497699908,-0.106200512771297,0.0933884084311556,0.195677510986016,-0.104351193847425,0.0983478359664441,-0.194409455367569,0.107529501451299,-0.136052264214078,-0.161910138861342,0.0444868083277397,-0.0930604213948647,-0.115323320502125,-0.0823488712931877,0,-0.102145237567644,0.295234856309445,-0.798792944735991,0.156835178831778,0.1254466138362,0.479167949695251
"644","93010",-0.523177627103296,-0.334992180062905,-0.0752999603020463,-0.20721953153967,-0.523579450502742,-0.54544717280507,-0.120280095932697,-0.372446561061205,-0.616660423757633,-0.228427626854885,-0.0166851492784671,-0.160201349301718,-0.174101649139042,-0.0961919903556748,-0.057369414819263,0.231663111394415,-0.000406068831032758,0.148918580172509,-0.240478506834486,-1.76573814688712,0,-0.130891247733717,-0.70367299869731,-1.08149480631014,0.0291737248905031,-0.15651957873837,-0.191378247962145
"645","93012",-0.132730984026771,-0.233368569369081,-0.770572310627782,0.116892504081967,0.090354316781946,-0.138762297232287,0.159365869373026,0.330617420356251,-0.0555201636555696,0.0945972904694486,0.306183956181412,0.41271616135893,-0.0168486821145188,0.141072136466432,0.290475894838874,0.0261729926334199,0.025362743040196,0.0541555761528095,-0.01880524993127,-0.850307376500011,0,0.199779033024186,0.162914909434712,-0.464254172741928,-0.0546225247834251,-0.195458071946777,-0.0574088140826247
"646","93013",0.0278331005684591,0.0340308547829265,0,0.103102167799997,0.00635434197568553,0.331831695999946,0.0237189352800482,-0.056010028097855,-0.236224656519942,-0.0598846102599995,0.104029468768328,0.332853679974706,0.219707909321935,0.0580066927611994,0.0972636918967014,0.066656526282649,0.0087211589337923,0.0431895079092032,-0.0432374800711998,-0.231126738895426,0,-0.0425846733916465,0.018528850894041,0.245922259536043,0.113601102018768,0.061757367005407,0.191638533194205
"647","93015",-0.115074986240849,-0.375406050771813,-0.230764943421078,-0.00517519272585916,-0.0479675774575703,-0.0537037153270616,-0.0607619037386645,-0.0418146590020212,-0.0888926581997646,0.485204096758761,0.414957286634848,0.871858763387834,0.201697434709433,0.14774150850719,0.204813100466206,0.111633401529079,0.168750209634108,0.182404081113299,-0.053235375520987,-0.371955949594557,0,-0.0753391476290371,-0.275583515407015,0.0484708806736195,0.0198211060984968,-0.0477716833520054,0.145336898546073
"648","93021",0.606627437208659,0.707091867878354,0.262144922276557,0.35646703767398,0.321165285324166,0.24989565636243,0.0135229743942831,-0.0982811118733524,0.0162718738090172,-0.106636358750897,-0.172321251298921,-0.164991686567712,0.0119902646216454,-0.343620922983491,-0.145112004851638,-0.221164307810547,-0.321116282803385,-0.157703207143986,0.381608539688037,-0.00353286124738224,0,0.236036669312027,-0.142662457105846,0.919736040032683,0.129332174025321,-0.144962455245575,0.36875181838806
"649","93022",-0.0481263072076287,-0.238537363530774,-0.231458617851459,0.00933313272463368,0.0281326219105997,0.0234713239833354,0.0358063304975618,0.0623023807731487,0.110827622635359,-0.107283964865917,-0.0788309336737653,-0.262243029479348,0.0232277648998347,0.00698015984105266,-0.113397842241748,0.0560583066462673,-0.00123521494555389,0.0184948806690542,-0.0158913331406224,0.326026391820769,0,-0.0336900566637106,0.0542150745541999,-0.197522885120725,0.0229214052413599,-0.0430048309186352,-0.237415275363021
"650","93023",-0.0836856682312586,0.159764385108349,0.691967093841821,-0.100936707744722,-0.0192511762192006,-0.0229224985162531,0.00885008807112043,-0.0129662495608037,-0.0108580312953295,0.150007188448487,0.125776143847547,-0.178318189421409,0.17736603510559,0.105586880731125,-0.126348400868353,-0.000583468994940422,0.0310976358202186,-0.167296972423264,0.377104199705387,0.461652270572687,0,-0.0750042227286432,-0.0243723697187049,-0.15268869734601,-0.0772725375720212,0.28949386646218,-0.583014944884953
"651","93030",-0.239972618829169,-1.03258730956624,1.40511697342028,-0.0613643676601412,-0.0240726951333163,0.212500281789305,0.146493414078623,0.177975410448487,0.373863489378191,0.357262896726263,0.833889752615286,1.80159087242985,0.344120213084286,-0.11699492801053,0.615074801656243,0.25145339196919,0.0587330279296579,-0.157765394329563,0.736668391562964,-0.285780441568378,1.18742839384042,0.132822678436834,0.664051128743205,0.299305325334115,-0.0867742288258081,-0.179682821953544,-0.349955245301357
"652","93033",0.310666857263708,1.40680376019023,1.82796101179825,0.647572422126764,0.718000478307277,0.257287015571242,0.0500101711174073,0.496036683045282,0.327678071261213,-0.750948232049055,-0.1809428702923,-0.287490195857129,-0.500488778268032,-0.808308282039577,-0.469227912626657,-0.0260300675464284,-0.260834702508854,-0.120934620872131,0.333662821997976,1.01294832509393,0,0.0842750337075337,-0.025054666080694,0.546220238775889,0.0949929824333518,-0.510474817955367,-0.404014081276478
"653","93035",-0.302300306778834,-0.744760210793874,-0.466079403742079,-0.00800085767933291,-0.332756087406729,-0.805719880801573,-0.0187657069520156,-0.198810407406896,-0.201735777200736,-0.0661590689319002,0.041101526239104,0.299062022662005,-0.272124826030486,-0.0791847569509751,0.0823597677137627,-0.119672470324826,0.0382149942138535,0.0571324402720456,0.0939719954847601,1.88640129704092,0,-0.109464674675566,0.535811869215378,-0.243478086466433,0.00914493514505569,0.151493639066856,-0.0340045699643317
"654","93036",-0.257252214449092,-0.985490732931734,-1.04032986927363,-0.144197623582305,-0.250538283664011,-0.371407429783288,-0.148957229605946,-0.209303472891329,-0.0784605729289717,-0.447424195282379,-0.767018917618413,-0.886264324963109,-0.315013170230982,-0.488360359861978,-0.403070776431046,0.017923990255232,-0.148959351656981,-0.10208711222178,0.170682198977022,1.50437425863488,-1.18980695950037,0.0512701285850944,0.617932202355657,0.208164135298347,0.135248892659639,0.32513494549803,0.0295415057621627
"655","93040",0.0612305628163214,0.188621492497818,0.143424801587802,0.0146280166803286,0.0497355881424834,0.0510543113680277,0.0258560066188124,0.0096473190502892,0.064602516722223,0.0313149890467545,0.0859811410932201,-0.0616095376435628,0.0168548567578688,0.0176238338446183,0.0301872450604508,0.00232160334454187,0.00783115932538612,-0.0124506208200542,-0.0399453569389704,-0.0223946655651256,0,-0.0495083936689726,-0.0381938758758997,-0.0468001768979081,-0.0492098086901089,-0.0398482824820688,-0.0321908508396982
"656","93041",-0.103885931753741,-0.153735850219612,-0.168292703198218,-0.106680640252895,0.035933219240086,0.174382411711802,-0.00765034571550592,0.0675082328233454,0.00401652638493841,-0.235756273281453,-0.3495571643483,-0.207399266512474,-0.37160883119052,-0.377981302142998,-0.404253724384383,-0.207940756010724,-0.156779064163759,-0.178110163170845,-0.127911440872091,0.921081846388492,0,-0.235227293117992,0.189781242796624,-0.32160489899555,-0.108590037275647,-0.100155308910394,-0.297598664917191
"657","93043",0.00289958820423745,0.0192641195082148,0.0325859004938589,-0.000979814978636403,-0.00483707441229051,-0.0081338743963768,0.00283926771936915,-0.00202633855121079,-0.00373414454218055,0.00262188843437586,0.0136819604398135,0.00392588563149278,0.00511576548343091,0.0166984990941342,0.00606422613582631,0.00227771892910599,0.00561962905952761,0.00334189002953364,0.00141950998077808,0.0101715800649903,0,-0.00434607444586123,-0.0094001723601126,-0.0140508219324751,-0.0129105036618762,-0.0110247246415575,-0.0113476905454502
"658","93060",0.0389374689676913,0.403917346085954,1.72017139249701,0.12369007333514,0.325681730778046,0.242878502077343,0.12773772971095,0.176435823767171,0.316237244307716,0.504838519417299,0.826825787462259,0.639289743681745,0.0500236786424062,0.128943650191945,0.273734825539546,0.0179363755429603,0.166886294640717,0.287025742325589,0.535868329495064,1.18575713405734,0,0.316603558904054,0.563175233416768,0,0.206891068982826,0.18766096936716,0.201557527906578
"659","93063",-0.604929974793461,-0.408414870274703,-1.19056384057544,-0.311768010173038,-0.147394204870556,-0.116339735542836,-0.329741331334305,-0.11269986299241,-0.416516513840637,0.084957031887346,0.346983766088966,-0.0303486381538681,-0.28749597916204,-0.104789884267338,0.620868348164703,-0.152115911938644,-0.10500059945163,-0.169422394762534,0.540363576158746,0.782182987271933,0,-0.0783782069495409,-0.0703624939249022,0.584883126058536,-0.20990682076884,-0.479801533870007,0.308670932274416
"660","93064",0.00408041574422273,0.0223635396736117,0.0379169401724848,0.00128825631655944,-0.00381042443255081,-0.00681955652029224,0.00519822228833034,-3.06522787599732e-05,-0.00225377990528049,0.00245532952949291,0.0127966597054115,0.00318987908196522,0.00536803846800227,0.0165447554658794,0.00509545997320308,0.00271045894141857,0.00576078662268527,0.00288659295026953,0.00143364256735102,0.0103915384281451,0,-0.00215248165630197,-0.00786001317639271,-0.0114209036925772,-0.00707518345076972,-0.00762494111417883,-0.00847158029021439
"661","93065",-0.5078068816586,-0.467462518996808,0.047571359478606,-0.254058933848673,-0.0856484299702385,1.08623884293985,-0.266486257272768,-0.115102592485754,0.200785638386077,-0.823278934171496,-0.411393891110014,-0.62169066937059,0.130412409942261,0.042368220394978,0.149287592725528,0.273680375140007,0.47114605250025,0.27690118034539,-0.119095915970532,0.0376976520273067,1.43823806367078,0.177985341656255,0.547567688660208,1.18841689730433,0.0824267866307948,-0.047057446016194,0.176073873502091
"662","93066",-0.124040301677058,-0.166913463373013,-0.105669783077827,-0.00224383327183479,-0.0849562601792609,-0.177017567384479,-0.00907717941360639,0.0680201062396556,-0.0556747389640167,0.0016499917414648,-0.136739748033708,-0.135587287917774,-0.0136781271137671,-0.0530031200624753,-0.0850146919241722,0.0142504364039359,-0.0185548850502507,-0.0440353652725801,-0.0594830652641775,-0.135548638299897,0,-0.0776278849243592,-0.128963924331426,-0.0995034472626491,-0.0544873390420621,-0.129783282180241,-0.114121441215916
"663","93067",-0.0421646048147399,0.0104144825446882,0,-0.00488162429060085,0.0342350943124928,-0.030389998569626,0.0157270076903566,0.00345414648182256,-0.0259732040357357,0.0411214041724563,0.109151411547402,0.130761504664651,0.0334875197939404,0.0462368349043046,0.0879679861519499,0.00307341387476026,0.00208377597106559,0.0156443565444359,-0.0107277777639629,-0.00194023995529592,0,0.00635698181884028,-0.0204044686907175,-0.0264306108971199,-0.0153095608814948,0.0111349966135033,0.0800008217917304
"664","93101",0.0552354711518,0.703874947286333,0,0.0238329627500963,-0.0167531371629351,-0.279558597207883,0.00437727718493805,0.0963401453906584,0.0286065409799042,0.14492497559793,-0.327873407448128,-0.544701847859674,-0.0308556105841586,-0.24501054869011,-0.182047061520518,0.00698797165997717,-0.056224721229467,-0.09424625928767,0.237009367664615,0.542338717381639,1.69285283066529,0.327708750082676,0.517853331908695,0.981137312815405,0.0793515837450659,0.146334276800458,1.19902046730112
"665","93103",0.0236510245554931,-0.778610312401889,0,-0.139302082140956,-0.219394951505271,-0.427133583369446,-0.0661630690648665,-0.111028486975353,-0.0726389653572805,0.209468649850963,0.0786898498295274,0.00734712607824286,-0.0317664757070396,-0.0216689409384726,-0.0687615916919333,-0.00129805126589149,-0.0375413484795566,-0.0810817542406231,0.0546480867114526,-0.655042514461955,-0.62391018719573,-0.0348358569903646,-0.354462853659319,0.0077535208892854,0.0641479045093453,-0.147159245017772,0.0903953054051894
"666","93105",-0.345895637152465,-0.624576959129692,0,-0.116528596515236,-0.384526909393036,-0.0796637779639073,0.0104419231123986,-0.0245657001958125,0.0672463981362754,-0.127388823776409,-0.128082656675925,0.157022105090534,-0.338565957213062,-0.181012490705554,0.217550118519104,-0.210180913661968,-0.0484590420471186,-0.0267996617597073,-0.271455475186673,-0.721216877001297,0,-0.318817544426376,-0.279485242752899,-0.205265470088473,-0.234778152995407,-0.152927010837657,-0.399624830895512
"667","93108",-0.0419219896658585,-0.228679939697375,0,-0.0551446687090503,0.00824504714629474,-0.0406044268939307,0.0270311251506131,0.0670006618177816,0.144626106861468,-0.287351653166527,-0.0974896926960449,-0.0604518631370789,-0.243144584066379,-0.137938970532377,0.0492348149606302,-0.0251356744359882,0.119617257010367,0.0154826817714674,0.0533901465489918,-0.0505811160180448,-0.425022471289539,0.00554052789138161,-0.158711967656902,-0.138822850469606,0.000967995167326368,0.142018533238068,-0.0370709345433962
"668","93109",0.0351664884859519,0.64856415335991,0,0.185193330892112,0.253080191387805,0.105604948091653,0.134869650658475,0.198771150947887,0.18452686895321,0.0344785654017459,0.211921484635389,0.288646933389293,-0.0564282134336869,0.0206255148495801,0.280037314071244,0.0257524805140289,-0.0341551730292503,0.100716945396591,-0.0841298495023179,-0.408822107520568,-0.402922473560539,-0.0737522775957608,-0.190431430753605,-0.4805707128779,0.0824966851455239,-0.0345348332902166,0.118888043574156
"669","93110",-0.0796757284964429,0.0899362502051746,0,-0.00660263477358406,-0.218886489742785,-0.0262100852903137,-0.0636779448259346,-0.105317271309621,-0.0975662153166416,-0.302103870784486,-0.403597401088572,-0.322082235237331,-0.0289134655335766,-0.167843326285612,-0.273792867767687,0.021844725825549,-0.2014282544767,-0.226661405370191,0.229444071597512,0.464844291498356,0,0.324699074295487,0.614920076771186,0.0938862750645084,0.0735298074711905,0.0881674723972294,-0.188796192302796
"670","93111",-0.159878478771335,0.0477561360169181,0,0.0863631529139762,-0.327063802456842,-0.944409219713361,-0.0652677526832696,-0.109415528135321,-0.165727652245493,-0.0770023376192578,-0.286509336638337,-0.407812702980963,-0.0578965148030205,-0.0625813321165604,-0.101632194702396,-0.135260833754412,-0.1695918670979,-0.210743121225229,-0.147115286995196,0.484195254937507,0,-0.131498915524826,0.0221394555475263,-0.753030917654151,-0.164988602459038,-0.0498909690275081,-0.106770842873632
"671","93117",0.245145625037565,-0.812817727134129,0,0.102855180938848,0.441910225424894,0.466991676921783,-0.0413320790681039,-0.298926993892522,-0.207534587085573,-0.0112486648018746,0.0120710080349981,0.0784059090228373,0.0552753561144493,0.0215733470622707,0.13874098381927,-0.0799799459190444,-0.023519734599117,-0.229794038533215,-0.470061406514501,-0.827920856130891,0,-0.33339168202293,-0.512535053729712,0,-0.119648369672488,-0.0334624844481197,-0.561505185104336
"672","93201",0.00446768484620903,-0.0547858537793912,-0.0333777676056895,-0.0497979134995052,-0.0872868880342051,-0.0926804606948841,-0.0106244073087352,-0.0428257153410204,-0.0708472892924581,-0.0635171575337458,-0.0482628938819152,-0.0587118965791217,-0.00565697657028126,0.00316591424359235,0.0382733620534259,-0.0200834887765695,-0.0318972492921225,-0.021510383293529,-0.0153969096571359,-0.104351549307806,-0.0972022361174141,0.0226787268543045,0.0101774824692104,-0.0289942755671313,-0.0325368975313242,0.00202945976219221,-0.0696325019858783
"673","93202",-0.0714779247643978,0.0683723679871045,0.230453863190643,-0.150087732904858,-0.112475218007238,0.024624495923437,-0.014042157629988,-0.0637767726258489,0.00667818705005902,-0.00770463470547921,-0.117601334372351,-0.11104473436857,-0.0671510584278748,-0.105871518636103,-0.135430423400155,-0.0369603542145618,-0.0793910687025184,-0.0944448764756429,-0.101419564483519,-0.0311283862668724,0.624456195907802,0.000386754461968802,-0.0615021227203306,0.0409727477750431,-0.0506052268590921,-0.0260244001882287,0.0256852537908587
"674","93203",0.00374326959612581,-0.0917418979477276,0.181972728781477,0.14290138497229,0.0161224492863971,0.166456230916442,0.0787817417441694,0.0604984793707225,0.0123022004458766,0.316543469865789,-0.0375421105712814,0.14048556710722,0.143872964516069,0.159529026609236,-0.0773566815984313,0.0981652765759577,0.114813060349101,-0.0475351039021435,0.0561341837148871,0.354198548748372,0.342182142419499,0.187460891087294,0.156933826581118,0.405579662582755,0.125524199117828,-0.147624655177771,-0.341981619173342
"675","93204",0.119858899615333,0.587111280120134,0.585629945355967,0.0491652523677881,0.128271368213211,0.285841866687989,-0.0899425920767597,-0.121098089289046,0.0411604131280897,0.206467208538441,0.33719460468707,0.402616036954835,0.0481118241514091,-0.0915898727004452,0.0237554068606974,-0.0218525802134536,-0.0587192440638937,0.0723727876467781,0.00987886955637527,0.542365694751012,-0.1260631393902,-0.00181158493889049,0.157134391912468,-0.0520520307304958,-0.00316374130736004,-0.0298002652762138,-0.179564844482016
"676","93205",0.126933712342065,0.300382435179811,-0.0433288419736539,0.0997037003850225,0.0918017410514141,0.00899488649861083,-0.0170179304264718,0.0385548096204599,-0.0378868130433846,-0.0294774267385247,0.247861844062718,0.00495159134393031,0.00914918223258844,-0.0884010473189381,-0.105627831566741,0.0411059126530173,-0.0761847375038084,-0.0428731932383827,0.140008379524189,0.235619106218432,0.586509023263361,0.0417627632810016,0.152036421195734,0.441563238356779,0.142951583274091,0.113719135649177,0.176595476194281
"677","93206",0.0931101169999342,0.036260480820396,-0.137469843938897,-0.00438042025129164,-0.00262773404795342,-0.0438117532933453,0.00681579768771302,-0.0416115701435738,-0.0598780798784731,-0.0430891213949452,-0.0914313350724092,-0.0851504026814965,0.0683969161173481,-0.0354102990795067,-0.104696060014949,0.0570787391107861,0.0430223907993095,-0.103865552987231,0.0782994606103808,0.321487674364632,0.963038832970971,0.0170649902742491,0.04327278665587,0.159831936628047,-0.0219104103202151,-0.0229205619758382,0.0388399010561558
"678","93207",-0.0148289553712778,0.00459730154040529,0.0183887532041379,-0.00408156510984292,-0.0268343880685266,-0.022940689562462,0.0394521345041472,-0.00456505859215706,-0.0271443546707128,-0.0436617760355244,-0.0229950663952117,-0.0337200919234331,-0.0310346413577478,-0.0171714565829936,-0.0323504886054082,0.0151818157836582,-0.00459155163045446,-0.0346036132039497,0.0505932206581323,0.00957275100129638,0,0.00856067310861734,-0.0227377964447854,-0.0139680421558415,-0.0132493378133733,0.00303218759301173,-0.0258343217904666
"679","93208",-0.0114638623761565,0.00549616054629431,0.0207511695768145,0.0138420390493095,-0.0194031801547875,-0.0221048835250622,0.00572725264192413,-0.0128979817320806,-0.0155532180065745,-0.0112145915106104,0.000958553614282618,-0.0118771643445409,-0.00873930621355095,0.00521526138615462,-0.00711223307377106,0.000228141574823139,0.0131416197079945,0.0192629771771443,-0.0252351636617766,0.00313694311489381,-0.0116289275335004,0.0283058691655692,0.0376871473162338,-0.0209061784418764,0.0423445086550418,0.0831342030258699,0.0740870916153216
"680","93210",0.197393921423914,0.061135382542919,0.199970385720651,0.0734627218454956,0.00193872096788546,-0.0685533349943089,0.0689723318758045,-0.00706845784131282,0.10892468343809,-0.0556237046973326,0.0337130384307565,0.300087558250666,-0.132132750633085,0.0291829506585289,0.0306854654511004,-0.163071266222756,0.0275621784366088,0.107383491638428,-0.4193755690176,-0.365499478111205,0.2988586483937,-0.0176803081912502,-0.313915338167449,-0.416659114018648,-0.00796393148077097,-0.150668194982329,-0.518024622656955
"681","93212",0.36094414674809,0.150525896674943,0.0206489415147226,0.284782207216173,0.324151009866965,0.318430824519088,0.0363761659733035,0.142537461919899,0.197415487086976,-0.335969810707847,-0.239519117748383,-0.386659227959154,0.108424788958222,0.139634747803201,0.390330310691551,0.130913382825405,0.00861597524400897,0.150235558788353,0.468906156671498,0.609164607881489,0.681601105358308,0.0431804611031852,0.18087599312269,0.225277025177677,0.0122261182063418,0.14272871485481,0.131809955382169
"682","93215",0.155103372704597,-0.152181787880962,0.235656301956121,0.233517607117167,0.218419319425127,0.372576070292963,0.210451231206585,0.160262204475231,0.395761378947522,0.0597459826361077,-0.175406878690479,-0.591097243652595,0.238023938291444,0.390764255254054,0.177028573532835,0.266590207996468,0.305767522928063,0.216464792289293,-0.259703250991978,-0.22656887808174,0,-0.245928717168196,-0.359847106488186,-0.36808476092678,-0.0993073075420359,-0.0525168605173512,-0.057794601847322
"683","93218",0.0345007438553115,0.142240396553478,0.0119168661040424,-0.00531938760718316,0.0280693475470594,0.0904118869697016,0.00549941273086511,0.00183528523054548,0.0255144149951875,-0.0280659536262674,-0.0264180409112256,-0.0195471784949949,0.00305246280591735,-0.00874539715410382,-0.019201786492545,-0.0198405436381568,-0.00418075989026336,-0.0236526164043123,0.0427809949318287,-0.0138370379941397,-0.0349419465251365,-0.000123062671081312,0.0285449779443683,-0.0537956376668985,-0.0256319346582547,-0.00906200260787916,-0.0426455560474402
"684","93219",-0.178690730543312,0.025659566775272,0.133835289656741,-0.0806967097677231,-0.0483014233572211,-0.0793189609901796,-0.0368065287611785,-0.00692034090797892,-0.0271028544294618,0.0964684887436509,-0.286677477662358,-0.289881529131855,0.0302384882990282,0.035096326932317,-0.165171895634665,-0.0802642612336895,-0.0440007665309998,-0.0817985844563008,-0.0862347898050544,0.193347289367322,-0.282934653990793,0.0035990873712611,-0.138494502902143,0.0325894831038433,0.0212362403442916,-0.147906063245131,0.0178710383534417
"685","93220",-0.0132572291071496,0.00428039743917537,0.0170495942324183,0.0398454893608559,-0.0417162743121048,-0.0483131529500481,0.0480025998458201,0.0834451604972261,0.0370818925426425,-0.0180026036055862,0.000100856653168161,-0.014058484238804,0.0265380836375992,0.00187148083743223,-0.00912138785572435,0.00886314692824338,-0.000720771115565247,-0.0282448710067282,-0.0341537508585398,-0.031552631433132,-0.0455946101051264,0.00718180952724538,-0.0458609648884633,-0.0461475749031971,-0.0114952812587972,-0.0283661430630901,-0.028272637967941
"686","93221",0.00313751140474103,-0.0827879287512009,-0.415074437112362,-0.0915118964957481,-0.130563415062678,-0.224363835128908,-0.0365859823157784,-0.0613898622281977,0.0642861049636589,-0.0641841499643299,0.0204985359032702,0.0813832804294626,-0.0474458777282923,-0.0028057572445791,0.11543211524898,-0.102805022943958,-0.207192668534431,-0.0647068651922569,-0.0990409738151305,0.0840179661706236,1.27007423482378,-0.0437022920561782,0.242195292816979,0.250692551663726,-0.0837388153816767,0.0197152210253926,-0.158567149365574
"687","93222",-0.0172387262064601,-0.0664919392799906,0.00174367427830287,-0.00909266467439794,-0.00764529665427965,0.0930431103867803,-0.0215716109944304,-0.0233954470364468,0.0276082600845685,-0.0278796054335065,-0.0761492760224362,-0.0805661103814971,0.0851818097195785,0.0109781247382457,-0.000364098446289194,-0.00825837187848431,0.0210160106163449,-0.0181830837845257,-0.0488638665081499,-0.0578856506200994,0,0.0241561645331063,0.0759250483730877,-0.164419427879396,-0.00120322659851003,0.0263520431751432,0.10804094722011
"688","93223",0.0208507031041186,-0.14868423330942,-0.246546661674681,0.155182677536288,0.0663580592168645,0.039617495384809,0.0628508113444539,0.0975716138488095,0.0810432279636899,0.0293583038996767,0.059370699995032,0.140078822798398,-0.00548135924274348,0.0740186150616739,-0.0286217101027333,0.0873599227888329,-0.00724169329613559,-0.0126417038818612,0.0919635408090985,-0.202644615824439,-0.438726801231915,0.217907388182356,0.192368982701646,-0.346141719673426,0.0546313834379004,0.0640067505002625,-0.257312604411091
"689","93224",0.033872212314621,0.151424655482389,-0.0632246033662576,-0.00557399549191923,0.0097279366524422,0.0398619102365651,-0.0135415139349871,-0.00982244338441614,-0.00318585753606659,0.0357667648207306,-0.0293715096809192,-0.0147240717033757,-4.96281560727515e-05,-0.0272257086989587,-0.03881904491968,0.00425984507959257,0.0232648671393147,0.0019193016575732,-0.0162852217999792,-0.00843713880842836,0,-0.0263870196683896,-0.0273315864159844,-0.0339894516648164,-0.0152291956632634,0.0113007195062282,-0.0354404887126938
"690","93225",-0.0485494698982941,0.125960113880528,-0.0252588376031723,-0.0358498143037519,0.0233513349133958,0.09943900525504,-0.0369449701460471,-0.0497322850690831,-0.0281661037688084,0.04147838075354,0.437798649984845,0.0122670845698776,-0.0585367925084824,0.0106898307203513,0.0963707727628625,0.0289904630312772,-0.097132527750691,0.00851296870257529,-0.00326574349992924,0.0305358974864504,-0.205096725067617,-0.0597927501285406,-0.172885741700564,-0.196493806989672,-0.046379042695725,0.213597019557548,0.430909568179233
"691","93226",0.0434909387181525,0.166681267126631,-0.0754524880362552,0.00697306486754341,0.0270688685287078,0.0669748109731995,0.033382088695545,0.0477001342232865,0.01168223884365,0.0463796371417158,0.00207290492626132,0.000457599439781803,0.0138184810029018,0.0790054122067579,-0.027567786587203,-0.00240857116436227,0.0139999872206396,0.0290938966986831,-0.0122806733912607,-0.00124276899351663,0,-0.0120183075587609,-0.0148674520083176,-0.0200348633527116,-0.00406564191107844,0.0153066811587056,-0.0190873061247043
"692","93230",0.234178333957252,-0.169890169297206,-0.24955090970848,0.104423182284078,-0.32917517977329,-0.359923931425241,-0.139012054567832,-0.117742681541361,-0.0285499338913398,-0.0506671137164475,1.44798689927749,0.657004735902301,0.082085959788426,0.649648734605541,0.345445941165912,0.15185350656556,0.115132796773034,0.495589685672687,-0.571406013628043,-1.40133128416438,-0.804424123116944,0.13829557626535,-0.486911850593232,0.881686239117616,0.195751727211985,0.135712183079195,0.178037394328771
"693","93234",-0.091372152744358,0.107389369775429,0.201106182184889,0.0245452773968897,0.227954943417131,0.0698464581711498,-0.00183617702123232,0.0318772799968463,-0.0315521840644108,-0.130342689384989,-0.245090309568128,-0.2893758858868,-0.0737996431046716,0.0138828476273201,-0.274790529252916,-0.0633538103723794,0.0336410053946161,0.105914332043626,-0.138997773191632,-0.144966211758362,0,-0.0569549554574102,-0.00153346957844021,-0.240812365798973,-0.0606680352629234,-0.0459273896028094,-0.0788576268795552
"694","93235",0.21901281630282,0.438193046192206,0.404610027484703,0.0715325253938373,0.0908808899419389,0.133188249977419,0.0111832789819439,0.0334331655351472,0.122242186499866,0.103361485870911,0.385796434847915,0.528650033735991,0.0364784552805048,0.0715447394398793,0.160906192576121,0.0875003940507123,0.0494499461111509,0.127618711974647,-0.0247094745238847,-0.058827852706401,-0.335580417095079,-0.0678153874173948,-0.0920843134030668,-0.316255614129168,-0.0198244671884926,0.0724095559607103,0.00606236115435234
"695","93238",0.0950063711766606,0.054383902588125,-0.0451006205514354,0.0563674082327074,-0.0412310376068717,0.0298691539805545,-0.0351002889531598,-0.0111813568319764,-0.0784701344689017,0.127287068778784,-0.0890155784420149,-0.347220558256935,0.110559914203151,0.0576453430063976,0.0137422283512544,0.00153687412759346,0.0204051385081769,0.0839446083994302,-0.00103156587421684,-0.157413138628229,-0.217619114866623,-0.0592835797576635,-0.138188107614988,-0.120315584522987,-0.0154149680378794,-0.076922038205908,-0.107271182304526
"696","93239",-0.0352909672942068,-0.0136914664539371,0.0125928250294629,-0.0450033263796422,-0.0447770521535051,-0.0564688395213514,0.0131059818926059,0.033878368375339,-0.0471881527316311,0.0361159484926302,0.137119267945474,-0.0173903163360784,0.0111551963048522,0.0829543454124655,0.0647216912342855,-0.0130633903530979,0.0305858764285259,0.0402088951140872,-0.0504761871015319,-0.0326478362029942,0,-0.0615828254035253,-0.0560862388437375,-0.05533647757671,-0.0667070348812713,-0.0619514249487079,-0.0487296024575205
"697","93240",0.407226929447386,0.828539634225336,0.779489144769335,0.300090764011293,0.553872081411095,1.44423708047474,0.21035412133586,0.288690867246383,0.321286787590244,-0.0897796315692521,0.310562615210612,0.108909497560387,0.0333641257740915,0.169160503324818,0.0247982289438764,0.0164945985930133,0.0304651897396404,0.140318193759104,-0.0159251147522432,0.333763862275848,0.287449441685271,-0.11306783270053,-0.0734317883439213,-0.223767642577861,-0.154554821015855,-0.035607681016176,-0.552957127913073
"698","93241",0.254253417294434,-0.227728898944024,-0.407614991931709,0.07705793587687,-0.167796140876351,-0.286031084350259,0.0247528921113177,-0.0802065623761811,-0.194102994584334,-0.115493611054325,-0.328642766695852,-0.284023773496405,-0.0486515425876715,-0.181904106279788,-0.232379000866425,-0.071154345213314,-0.18920517184866,-0.281298131543463,0.00283163704811798,-0.248011250471049,-0.643366848868535,-0.0546031819175549,0.24608340354456,-0.630284753079269,-0.0768712004032596,-0.0540002921619625,-0.223286330165287
"699","93242",0.168978104235998,0.201660412537718,0.263387287078123,0.0594815847510705,-0.0169788168538581,0.166498966190971,0.0276278046358223,0.0210403415476479,-0.0229620489723969,0.165366821246591,0.232767084596542,0.104069361315251,0.178222839967068,0.217576187777912,0.130842402677039,0.135312467391421,0.124604411675339,0.188369505418123,-0.0305846956037342,-0.15561591563392,-0.13125565997386,-0.00720778957922589,-0.099194774003724,-0.0465581329023108,-0.0270778452601239,-0.0391967452937146,0.0505768352493673
"700","93243",-0.0358986402879385,-0.0941164554018568,-0.0866501765238222,-0.0445960247121369,-0.118545504095173,-0.11736889032709,-0.0301065185874574,-0.061723170115036,-0.0331096471418087,0.0496827986563803,0.105649814539519,0.307524503209264,-0.0148221514843963,0.0386944852914541,0.111619708100191,-0.0160296194189449,-0.0184159083941174,-0.00336708250150905,-0.108568182601298,-0.0472174205552551,0,-0.0201173801999442,0.0670517778566784,-0.256059047824974,-0.0365458372001033,0.0198866162083891,0.0477588704399767
"701","93244",0.102305139223258,-0.0121989006833858,0.0164192871799931,0.107392109596302,0.0157623027130412,0.0718150717945934,0.0617201598656718,0.0123110457362155,-0.00914861618115059,0.0384362896140349,-0.00565927185875559,-0.0151336748694796,0.0506300469129408,0.0425615591042156,-0.0158249618408073,0.062372331302208,0.0680945083620589,0.0507362755927656,-0.0245996402950296,-0.0181741762108394,-0.031413028837267,-0.0270327058949127,-0.0342659773221694,-0.0437838150343629,-0.0324146741341767,-0.0327054001790566,-0.0415610696458043
"702","93245",0.155171702714778,-0.122220675755634,-0.630486023399905,0.0987006484783161,-0.140541597315439,-0.421867893356729,0.0291570643385675,-0.0238276155618897,-0.182703785286304,0.0577438640915829,0.684555299550838,0.90221377654501,-0.211899865658097,-0.411636884739088,-0.343247587155421,-0.181168150443217,-0.346424219286873,-0.574815223654826,-0.497217493848938,-0.638283431809892,0,-0.0333816673079568,0.12424337417855,-0.273553258860775,0.00343545825195861,0.238974020400612,0.0807963947600334
"703","93247",-0.107558514555503,-0.085415497039923,-0.482919746301619,0.217006260029414,0.299071072942156,0.581211512156519,0.0440241775121381,0.0441673578434476,0.166968500552994,0.0492822876700212,-0.00068982668909338,-0.157291753821791,0.157852149715963,0.450302130721082,0.0505254188002939,-0.0151353972307232,0.0871338767830847,0.00189222461245923,-0.423851771636967,-0.283979854841882,0.564759492626083,-0.316814938031904,0.0517102645282036,0.356738244843881,-0.163439992020982,0.142784550455943,0.147901665608161
"704","93249",0.0241021845551558,-0.0243651700715433,0.0115411862871952,0.0237876138228622,0.0099034799713671,-0.0452715795432631,0.00656956853073772,0.0210528172609436,0.0082307871168063,0.0276752393156815,-0.0291586681330158,-0.017787830826803,0.0336983443314655,0.0341938175552446,-0.0313440806780013,0.00430944867056212,0.00119074831345276,-0.0218554023767517,0.0288624482502443,-0.0469125528862629,-0.0671451588954022,0.00841009604212022,0.0131855467700185,0.0427388562014717,0.031290810954046,0.0083636679604767,0.000384211992930605
"705","93250",-0.0741188272467689,0.463458090518071,-0.0180227928394834,0.0383212126658725,0.10408803642927,-0.00718461733290745,-0.0173837521780277,0.0829766038125998,0.0853876970270168,-0.347310702367218,-0.413152620794961,-0.358905707345571,-0.0532445232968129,-0.0705732531057991,-0.0796890672307547,-0.0279800715594118,0.0201478981881495,0.107087703661921,0.279042720600221,0.695960496062566,0,0.352364630133364,0.342921508987217,0.025278778029099,0.164263303047028,0.0629487031579988,0.0368577023619192
"706","93251",0.0410162325257134,0.128571789455594,-0.0296301499761565,0.0102433221864662,0.0255240969267925,-0.0286032669506753,0.0174130588361544,0.00926461450913993,-0.0163171797452233,-0.0163949465549131,-0.00310202857904411,0.00186232915682203,-0.0140628526059173,0.00148530324466572,-0.00177137658737502,0.000344117421422022,-0.0128423253539397,-0.0140095003144229,0.00172361089167389,0.0108351495857821,-0.00399895247912613,-0.00331022650283277,-0.0095463044920669,-0.0129368102709234,-0.00907173849034601,-0.00868544659930905,-0.0107598201271344
"707","93252",-0.086258676174929,-0.072963192587351,-0.0584665409415093,-0.0792243265724869,-0.11999405181524,-0.119928219881775,-0.0394181026146664,-0.0498053280001843,-0.0618635288944727,-0.132964311781166,-0.116487937282559,-0.121926423367653,-0.078019368261677,-0.0964038031867481,-0.110215884474376,-0.0473308766457021,-0.0729995719458838,-0.0920173988168998,-0.00704676347576618,-0.169768837162576,0,0.0612576833258505,-0.108947738269203,-0.189133933683643,0.0218929988687757,-0.0898915964735846,-0.0608589764721235
"708","93254",-0.0202381264616964,0.000641420707442925,0.022000899238477,-0.0264274854244344,-0.0306185609519129,-0.0302936886140612,-0.0128704705334502,-0.0305257952793871,-0.0305875601466073,-0.0212578732120912,-0.0157088914104675,-0.0219676450193811,-0.0161440279235082,-0.0047807815924295,-0.0181122809989361,-0.0230910248317395,-0.0179948607267479,-0.0204208231564483,-0.0144674353908803,0.00207543129147245,-0.0186663323345337,-0.0305390452582424,-0.0249653787013894,-0.0248010583203898,0.00960806959058529,0.0130422686410243,0.10528585859743
"709","93255",-0.0671731677259637,-0.128498077037792,-0.0925692134146297,-0.0686575936299526,-0.0330451183409291,0.0313275509015844,0.0239521641013855,0.0176578628799915,0.0926260962063814,0.0330998107153514,0.129819235956314,0.963657743968651,-0.0263137613093739,0.0465231516640889,0.0396638215532137,-0.0413734828142653,-0.00902931078763539,-0.0558322733628725,-0.0832699216172172,-0.0903842509091339,-0.0706082571674469,-0.0568439209221069,-0.0825291293793289,-0.0744022176296142,-0.0263407760113796,-0.0513223820916436,0.003757185068177
"710","93256",-0.155431613589791,-0.190929471432574,-0.13079952156175,-0.0964558813614719,-0.0534823778850288,-0.00628570356477206,-0.0284240449847076,-0.00257621374813977,0.0529366456945814,0.0133933938563362,0.18142854130286,-0.165973236229473,-0.0323315143737882,-0.0689717395189214,0.0359332608776957,0.0414723697128365,0.066180621669881,0.0207005189104724,0.113886672778829,-0.307846311461558,-0.325431328479134,-0.0757508607539842,-0.0168125967569076,-0.370262378629125,-0.0512816301128887,-0.00342219887678253,0.0298743496432244
"711","93257",0.380980576520429,0.898392048128854,1.21286791136155,0.964678921211422,1.02289372090345,0.990360411457284,0.409310575506828,0.203070063396084,-0.276574795019385,0.207970986213003,0.718820175925653,1.17726188141452,0.268187418364194,0.871501153118608,1.38392981014479,0.341864674051724,0.591246755035735,0.713941233530144,-0.192978543582756,-1.00026675260125,0.177075095729942,-0.156315986963458,-0.553184707755643,-0.735496903890614,-0.120599337013878,-0.175527438619544,-0.630777628976562
"712","93258",0.276153448123458,0.0838535374033244,0.622530430907525,0.253033834634175,0.278659617948342,0.079212344135777,0.181273389043999,0.195954355746959,0.292100355464293,0.252667545634618,0.401565832900857,0.288767133767493,0.197759596848931,0.343042178239783,0.336609339972264,0.219005101713631,0.225973941978601,0.272867903194684,0.0109405092901526,0.0207922003367921,0.674184995910871,-0.0451249858333289,-0.121864930398993,-0.119772576224506,0.0619762210651542,0.0400186786719065,-0.0481726015060267
"713","93260",-0.00833605233048034,0.00652537144728013,0.0245465574231544,-0.00875680987561219,-0.014691146962304,-0.017692114084239,-0.00868633267762078,-0.0102551845357301,-0.0111009955105527,-0.00987413965337737,-0.00280810477321035,-0.021250467015046,0.0199539556608986,0.00299030975127826,-0.0110441498385635,0.00384861929063694,-0.00658599851620204,-0.0100136485804194,-0.0100199545010825,0.00556508546552377,0,-0.0183780849973433,-0.0315416617109527,-0.0651341785481514,-0.00771753047312892,0.0129202094225967,0.0636301255998833
"714","93261",0.0130121406118123,0.0291767638705764,0.192457896111904,0.0652767908026502,0.0263800159006077,0.0251330759060466,0.0221783083476925,0.0100541832797137,-0.013228883760232,-0.016105473157185,0.0829758569008679,-0.201988835219247,0.0219654440301674,-0.0107419936803876,0.0327850135228512,0.0386468925705037,0.0131853891677211,-0.0560917371171084,-0.0221762002017062,-0.096545577443415,0,0.0221872494624755,-0.0998506209597853,-0.0774527655211398,-0.0120010848228128,-0.0424417827819428,-0.0161893630011175
"715","93262",0.00375928311469177,0.0222893548631955,0.0377924169625674,0.000931518982155343,-0.00398471532921654,-0.00685392225253145,0.00484385777241423,-0.000276158728027526,-0.0022706077871355,0.00324417828195014,0.013702507112133,0,0.00597638606289456,0.0172128814375654,0.0062380401332366,0.00329020410587795,0.00660528232434966,0.00384410079067614,0.00314593417843562,0.00984311910802284,-0.00276025611788767,-0.00444348358154095,-0.00832740545491856,-0.0118940253989537,-0.00873829167380564,-0.00710079885162493,-0.00892556517067565
"716","93263",0.0558734974457109,-0.007240803039765,-0.278798735218521,0.00073354060976764,0.0919581775523859,0.0904810663988424,0.0494682903876207,0.0496559209253619,0.0286926596541022,0.249015284768325,0.46479629460495,0.47338036505464,0.0564083740782143,0.192690935751046,-0.105356281022158,-0.0856490711675667,-0.0554066729557374,-0.0706473197700099,-0.41951787249702,-0.681999007839355,0,0.039722632005574,-0.170308934859042,-0.0147542888858861,0.0537946592583096,-0.0374935125984123,-0.197632903197147
"717","93265",0.115478122292204,0.171866771568406,0.589181362656883,0.09363211799899,-0.00445738013249115,0.24716416215923,0.154271524965871,0.0981477143318883,0.195291920208556,-0.0388657118824906,0.245921965599123,0.229584797172598,0.0591709699507546,0.173985982661003,0.39074873184988,0.0626678568441491,0.0979659235922237,0.162175667529551,0.123288396446888,0.232977168815061,0.693698951673728,0.0449236367965261,0.198414978118487,0.516088445608416,0.032603285400635,0.0344603251566599,0.324040388300638
"718","93266",0.138207067592621,0.215922496773502,0.00661499211146292,0.0342060458790501,0.162854330328374,0.166531925784164,0.0393194503487746,0.02280535434607,0.055939802558075,0.01843847399886,0.10748288667655,-0.0141727074035184,0.00129386590825256,0.0192461862894901,-0.0225849757966375,-0.0014788591469825,0.043172273255751,-0.0296266503653977,-0.0864980827443396,-0.0938393444599671,-0.235879154358568,-0.0165662906115854,0.0461158051885833,0.116815927969074,-0.00280549489808266,0.0125446463411391,0.0290919410289327
"719","93267",0.225694124631717,-0.190693611385159,-0.347999382615725,0.0622362049522418,-0.012651650318766,-0.202831668991915,0.0464065549989735,0.162618271631428,0.0487449503980626,0.156677364455468,0.410122346281523,-0.456492598232983,0.00162119079901225,0.00157513208414809,0.203318506018235,-0.0184505917357583,-0.0103230398652095,0.0860414023288239,-0.10437810371441,-0.285313058950304,-0.371319728888658,-0.00967809589025236,0.0553531118637569,0.0794566559460742,-0.0378971875521913,0.0101706969524901,0.10024471133337
"720","93268",0.100313735595452,0.939179716971433,-0.638865898415743,0.0697686184064269,0.0726846324649454,-0.0682001505968557,0.077188367692966,0.140809743867292,0.191156386884544,0.0874914034845416,0.581264021783759,-1.27511341641532,-0.0392320851101559,-0.0996394519991876,0.142435039194317,-0.0375073125324134,-0.157043308407277,-0.15964612140774,0.208094585664494,0.262082408380739,0,0.100004524941949,0.0063891705390334,0.244300339621768,0.135604576986788,-0.00359085556099297,0.204212246604091
"721","93270",-0.0130221871422107,0.15944415905096,0.095713786495605,0.108702829212739,0.211578555894054,-0.0360265891855326,0.00342380544269306,0.0469514055650255,-0.0605675122352389,0.169086710004067,0.133938245236831,0.0140200154529193,0.139102271819718,0.167033562978281,0.146418056025065,0.087745152373503,0.127294163754866,0.168545016284862,0.0609892397561368,-0.239382267392293,-0.269056651502562,0.025091143966488,-0.144627519075499,-0.0954927302805454,0.0524432091035724,-0.112618334155733,-0.0458057011690718
"722","93271",-0.109382018401146,-0.0778527330908566,-0.0536053587055741,-0.0114707196204524,-0.118108602184403,-0.112930623495487,0.00631752216190037,-0.0505829328271906,-0.082217223975448,-0.079010596963437,-0.114177861969711,-0.0985699787123205,0.00883588702498631,-0.0775125345135374,-0.0181039767879082,0.0281592464762108,-0.0174029575126595,-0.024816754312943,-0.0307644765903891,-0.0743175694092579,-0.0768813272254523,0.00919163459182464,-0.0981001275368667,-0.0961420574661273,0.0226252024644708,-0.0311468592989041,-0.0146161081509213
"723","93272",0.158735367379841,-0.0550779352971023,0.15575741572261,0.100801081690311,-0.0945888001685984,-0.0962486264014672,0.0434479654610528,0.0556698400826328,0.01233386832078,0.100020271267211,-0.0563027998539581,0.103789811044199,0.189822687497612,0.0591706393087213,0.208920212070102,0.0664948673074879,0.0691406191279183,0.0347829661641939,0.055419279996507,-0.0223556032308346,-0.057463872689466,0.0433560024092353,0.0478343243352354,-0.0996470707928283,0.0136212489860871,0.00497681087164432,-0.053986261476652
"724","93274",0.986612924020527,1.62690065635189,3.3077188251084,0.771187245076705,0.948329036538591,1.39440625803188,0.187701150284002,0.618203871981095,1.20868354000001,1.33968177828,1.70803670845541,2.9363946001343,0.570504426510009,1.06438019984555,0.933820885633364,0.942424520509205,1.16117601771359,1.39508053765173,0.633472050953156,1.22461554877429,-0.84899399943922,0.168717802986878,0.367846285189181,-0.332386857520667,0.125168150803818,0.490853678069991,0.595239241419933
"725","93276",-0.0220626605247201,-0.000190136116509394,0.0190093847814192,-0.0179044199250308,-0.0220146841768553,-0.0227483658313814,-0.0154486046540984,-0.015768203020645,-0.0165031415195934,0.0570622208676251,0.000509132491782827,-0.00449481471251234,0.0182903476740369,0.0545088418266592,-0.00649922700097432,0.0156038179005166,0.0158076232017466,-0.0112928857600522,0.0421254926669306,0.000831014003636325,0,0.00711132130511759,-0.0204157830128639,-0.0238039383472164,-0.00895300331388541,-0.035347548329891,-0.0321633189170054
"726","93277",-0.759597980753013,-0.827555866834592,-1.12722329759683,-0.11275916169867,0.0374675881983533,-0.151887517836639,-0.328703494169447,-0.224682831519018,0.0726723981769559,0.143279078129001,-0.0685958682998815,-0.928874840871189,-0.508288596824411,-0.28457658876324,-0.186524782434873,0.137942367844506,0.0512592435501773,-0.00215548272388254,0.0577464546978358,-1.16108282568505,-1.50169412578832,-0.104877106329607,0.075371621411628,0.0436755724272166,-0.0734150474644386,-0.267861325675336,-0.517724101518597
"727","93280",0.436748294998851,0.0736948323632119,0.83032625113939,0.211468198730569,0.235609119293617,1.14615037475699,0.13807438593308,0.148640776328991,0.351115318004688,0.0243962033231606,0.171756218822534,0.629878176393508,-0.0789585635226692,0.00811525915378145,-0.257144970488688,-0.152852869971718,-0.0765195567085476,0.0512448847548611,-0.22675863308224,-0.995186562744015,0,-0.179343716201348,-0.200924896870094,-0.524134051479406,0.141459353381597,0.168231832133786,-0.16751084442389
"728","93283",-0.0154806988044916,-0.0634136119781836,-0.191819823861973,0.0930108480221826,-0.054498416058921,-0.0437112534204282,-0.0567491204394029,-0.00417211235553331,-0.122058301181671,-0.137858030604345,-0.166991919921005,0,0.052309328179622,-0.122540430116947,-0.199080863091956,0.0289214170333291,0.00894070866396537,-0.133423953152453,-0.225598975262012,-0.195079478447914,-0.207108544464079,-0.150619696667693,-0.181482413200493,-0.180450485428461,-0.0123921355497092,-0.0599662767693094,-0.0432996572354874
"729","93285",0.343393119649356,0.261124008117354,-0.10333501028798,0.0679652418013175,0.0533008811663117,-0.0888026315666996,0.15969971260939,0.154059327853864,0.245024653711102,-0.0657152553336382,-0.131608125807909,0.179840311797775,0.0271114301686016,-0.0848826070896369,-0.0117708905433748,0.037872004901228,0.144130887675708,0.265015027816213,-1.66024178329948e-05,0.052448888892154,0.240018211230125,0.0166301352883811,0.0361156703083315,0.483041052746921,0.0483600002990808,0.0234681012279799,0.149780764403296
"730","93286",-0.0855397007318276,0.00236647098366763,-0.0319330544161174,-0.099927861396612,-0.0210315152659915,0.206182228290936,-0.0374177791093415,-0.0102525856260192,0.0776217450094856,-0.0141247441063591,-0.0748633880294533,0.181127251341934,0.0881338999506917,-0.0284255882269252,-0.132977822598465,0.0214938396810396,-0.049874773842706,-0.127506374815197,0.152749660628981,-0.00664637630975553,0.0410415146623188,0.0795196392484232,-0.073453615288421,-0.0460378136734114,0.0387293510241468,-0.2517575869459,-0.0417811973382022
"731","93287",-0.0296928138686722,-0.0162766709597068,0.024671481252574,-0.0218430086643968,-0.027094290209006,-0.0269699742570592,0.0176245664141538,0.0272142170363999,0.0140137623571328,-0.00822917282856497,0.00307588873863832,-0.00777963560005396,-0.00604698830446614,0.00849338791872607,-0.00235482048280731,-0.0144688446313527,-0.00747602839596778,-0.00877982603720004,-0.00108305921861061,0.00701411301178459,0,-0.00668551931191396,-0.0120375213125738,-0.0118743370614585,-0.0121130242906387,-0.0120782679890697,-0.0124947756262331
"732","93291",0.00314981150409799,0.0491128575183246,-0.436924706626961,0.0996750519739969,0.396342423043552,0.294438773711381,-0.101513155857571,-0.190958019481089,-0.0246530526861455,-0.363622990911968,-0.557804889411855,-0.328215751907028,-0.0535452151601332,-0.0553508955278843,-0.598007196419489,0.0594907312442578,0.30734766616715,0.0815375262801511,0.916959943508496,1.82057886054373,0.97034653088603,0.481390504596807,0.455636065325828,0.487747340717506,0.201696663987285,0.0955552902475784,-0.0492576200084629
"733","93292",0.079559215904221,-0.546864087846641,-0.26307017654846,-0.0777778440083727,-0.0916708383817986,-0.499416289590163,-0.165120438973115,-0.0246773763049189,0.221991154075738,-0.647368301466788,-0.822632453524419,-0.793861277666699,-0.652709301120357,-0.47853217738461,-0.570549749480804,-0.291543421771519,-0.296404321790304,-0.167970621990272,-0.410259142763327,-0.470791243386113,-0.952458075384857,-0.210205181893841,0.069638421825839,-1.30166616826334,0.0172823715819946,0.162894568779513,-0.160435235278511
"734","93301",-0.168633345030872,-0.39200071506962,-0.204499335074063,-0.189604987501761,-0.432562849629965,-0.438554913879289,0.0651612969684906,-0.0168851874417417,0.0427495854320896,0.0519706508919203,-0.678701382281206,-0.530861607068264,0.163601014352092,-0.16905372601586,0.0621038931491627,0.0945773439975143,0.114250394396944,0.12487396693651,-0.046299255688749,0.803739903733196,0,-0.0732840529561722,-0.170312528043087,0,-0.0356603590539538,0.0154165254523222,0.0806120756331509
"735","93304",0.738166817259111,0.60860270870882,0.485048316639418,0.204499687579575,0.206052751453844,1.02383520613938,0.21704665635706,0.0224301566558458,0.335477052067214,0.147213689890499,0.811920313054717,0.951384374857079,0.0201740904027551,0.281051192368784,0.428560518541883,0.456995663215085,0.490067252353037,0.507199526891428,-0.314954744336157,-0.61316092318094,0,0.0153035667982961,-0.24303292041857,0,0.240184214855159,-0.0171402803476092,-0.00536474809534895
"736","93305",-0.219872791499667,0.0159645045248938,0.211871484995342,0.162863570097758,-0.42190998278265,-0.101329786229434,0.0332609355064857,0.169305160416252,0.252747074473801,-0.175351850198101,-0.329871690430145,0.0194504991988926,-0.00351237776586542,0.316247938189392,0.327112371011281,0.237546597940709,0.262978019440517,0.358928614167632,-0.0126959326867116,-0.722780500910711,0,-0.0253597669000337,-0.933994632723808,0,-0.00340952433304875,-0.311764348068198,-0.0694698473014888
"737","93306",-0.888077263209824,-1.57900840529123,-0.513021555273153,-0.531224938787709,-1.02773728229042,-0.478932479300983,-0.120941004483811,-0.318492204436907,-0.509922253300819,-0.399277779292982,-0.32927933243194,-0.390065880030279,-0.500595373921588,-0.609246677678406,0.192029631321854,-0.238352131259247,-0.336378699393963,-0.311477245524045,-0.483780769445802,2.06933683557134,0,0.110524266423417,1.33865776541732,-0.638995703141254,0.251346964010387,0.296683820746045,-0.880944663647438
"738","93307",-0.0414387195352616,0.507679775532063,0.997522911885586,0.0244341254989039,-0.18739806209935,-0.0236630789289005,0.0899084553451019,0.465657503274041,0.52210488901529,0.0451554468313332,0.340629699559969,1.47070798078215,0.256889080775545,0.237362401297594,-0.0234494242690848,0.137832957319385,0.130232158665006,0.55765572905443,-0.236632600233114,1.11420875143306,0,-0.00950753714960319,0.880169612601697,0.859924881992197,-0.118511713552087,0.319290027294518,0.748526995328725
"739","93308",-0.37319053364073,1.17693717402132,0.354511076295736,-0.360558895679652,-0.202547177274191,0.0182031452793049,-0.020820310377997,-0.199289706701094,-0.0604091003273988,-1.21383460471686,-1.40999634989254,-0.790540665567781,-0.315299970092534,-0.513101725712779,-0.504514207395412,-0.11850035207355,0.150286276056158,0.0903950770657156,-0.0573093851285916,-1.17778747359328,0,-0.235878477045738,-0.446531567860044,0,0.165712097915961,-0.969077400151345,-1.11408820867649
"740","93309",0.660251278343098,-0.192038352274497,0.555936125626153,-0.26244180726867,-0.372690072833966,0.150733656469671,0.0636434914042761,0.140875395745216,0.0271889513329864,-0.822848874525375,-0.385587122492072,0.387089287947657,-0.474620850661494,0.0955622719815955,0.496645367385715,-0.32320034624084,-0.157624237545846,0.159276312353705,-0.0292715719684468,1.75220634430342,0,0.495731657727048,0.873802102823087,1.29457863981448,0.127623419127002,0.117346410913135,0.365736760659179
"741","93311",-0.263317801468816,-0.212817626782092,-0.311206192550583,-0.176809608095139,-0.119516146493749,-0.00365087065911973,0.119829083350581,0.157277904985306,0.184512654825694,-0.1784586669048,-0.419205244860833,-0.707634652896901,0.0680197583383813,-0.0155434245282208,0.254757900365996,-0.0383211304589778,-0.0475672219670543,0.252977588193907,0.0186551934146528,0.927217958282767,0,0.0208434702259303,0.826836562415074,0.102058346699462,-0.198182059010999,0.0950112989852308,0.0258384360299165
"742","93312",-0.542042764554863,-0.717623732928757,-0.0443920040885872,-0.216440912034803,-0.501254911887373,-0.0734569424731459,-0.055745503691594,-0.32337348310124,-0.0684858845217601,-0.145172461940264,-0.313996595430981,-0.507115295809484,-0.350160479183787,-0.272735225027158,-0.18101257444728,-0.269536836229389,-0.221648077449596,-0.272901875388927,0.00460051836645687,1.1636902599522,0,0.0312029341788002,0.71891486856856,0,0.218438041684114,0.716550611979113,0.894056096809764
"743","93313",-0.142042133004432,-0.607852320604363,-0.955010935957929,-0.0781968654298547,-0.227775387446393,-0.154681228153562,0.0250544002238966,0.0933479495382988,0.0675619603595073,-0.0262322170442793,-0.122358865957471,-0.225819831406247,-0.0119991229733289,-0.0283412614870229,0.111325082378154,-0.195804398971522,-0.0822107904705171,-0.0556341732365666,-0.118187238576551,-1.13111004065343,0,0.0291375937138555,-0.350497480492704,-1.01799189883361,-0.10967319973161,-0.3946363830753,-1.03363656690155
"744","93314",-0.193713095117021,-0.403041281690635,-0.527303667734293,0.0240650963576962,0.0811196657254204,-0.120394174947201,0.0985676299437633,0.0939625932991425,-0.010337612511191,0.051474469655382,-0.2074666237733,-0.670487334200831,0.144627252373816,0.0436042560364927,-0.000968454044926336,0.11660811976425,0.110070106494651,0.0057224731821187,0.196842775612808,1.13919775005964,0,0.030871500769667,0.747091748661251,-0.126132613571614,-0.0524207342153024,0.0219539370994997,0.210292342417849
"745","93401",-0.103441151873702,0.0870105101473008,0.45159214112755,0.0596642204809878,-0.0935678229687118,0.259678113362519,-0.0321209586124322,-0.0258715794253038,0.213211518759804,-0.174940196687008,-0.0103288333169022,0.253477169666419,0.0391855980022806,-0.000283752781923345,-0.136328179149235,-0.0474182299296947,-0.138845636156843,-0.0363728332375467,0.31158923357092,-0.386168828511726,0,-0.0546406130356426,-0.706708119293482,-1.03703162790418,-0.0471193647720319,-0.264521515283844,-0.30182864909406
"746","93402",0.201930700511851,0.666323958958546,0.511374685703915,0.190929922334151,0.210913958078089,0.047698628873601,0.0578980356936067,0.028672499721702,-0.0316822841990947,0.149105053113098,0.405956735261725,0,0.113698435764722,0.130185268498058,-0.176880051615591,0.11093142380528,0.0169330817773701,0.0569337753316493,-0.300003762442075,-0.611431580462479,-0.62759667180658,-0.0295686459940995,-0.216484250464756,-0.637242684764148,-0.0354208032081563,-0.0150404178828018,-0.306444601295517
"747","93405",0.159632692759461,0.44604835624775,-0.132268036830416,0.026193575094309,0.210648142392705,-0.202879844827087,0.0594798164027369,0.142617402454014,0.185048114988118,-0.142872754048479,0.237324382934953,0.108844252873195,0.0728932203544936,0.0210226277644475,0.161214371817325,-0.0174812732232461,-0.0165517303425128,0.0545510143499442,-0.293356016835512,-0.162664979023968,0,-0.207245427154928,0.0269499352722146,0.473753061741137,-0.0947664485836114,-0.038925130031377,-0.0627521542774408
"748","93420",0.447816019469633,0.752080180175446,0.994858387431044,0.118783873120293,0.287774619789883,0.625501638093924,-0.0559916050258993,-0.0242278568399663,0.0299500823869834,0.0862960115817665,0.428305017749659,-0.904230949328492,-0.0611443836674865,-0.247725460910596,-0.440469432967194,-0.0233499784923202,-0.0960939471833482,-0.232097039355023,0.0942126636433557,0.617762134122309,0,-0.0219214704479012,0.0184430823814905,-0.328613238183435,0.068268209605017,0.0945306634865999,0.440711996495926
"749","93422",0.156985250553813,0.101153724658588,-0.0516838681941249,-0.00436097116040627,-0.0630595575866151,0.00219207131797683,-0.0172468294587192,0.0120078627152447,-0.076631590322185,0.375509135127117,0.308994487838948,0.83087408585869,-0.153245220470778,-0.251597647127337,-0.17863040937007,-0.170509800304222,-0.181474793673864,-0.150558186971414,-0.0811294907288467,-0.16963709485145,2.19515995334211,-0.24752165704003,-0.219629666796212,2.29461391773741,0.0410300451627113,-0.161370966913483,0.521700928797341
"750","93424",0.0724443779361841,0.282054539210905,0.462275083050941,0.0261739487306915,0.0494838314644814,0.161090124847123,-0.0234006245738928,0.023251488292265,0.0349036644182847,0.0143178182578798,0.103414181387144,-0.0216248306290454,0.00144542065550597,0.0665025927904226,0.0614459159930164,0.00242017478968853,-0.0114261707521857,-0.0244326888679125,0.0391475946513932,-0.00203345915703445,0,0.0444012989621389,-0.0457426531495589,-0.0574822713563536,0.0108138909750028,0.00961801463492691,-0.0346081443830181
"751","93426",0.0209819471563332,-0.0260448617554742,-0.0262957579731164,-0.00636264817911022,-0.00139261551513751,-0.0527277735054498,-5.87058378179698e-05,-0.0127615952040308,-0.0578890814710832,-0.0479317835434936,-0.0383060336315233,-0.0480060075675452,-0.0558147200417677,-0.0460495326395571,-0.0607777628031257,-0.0244388829855883,-0.0275896313673399,-0.060472185223895,0.00777673722778318,-0.0426935558147951,0,0.000404527856787592,0.0244721580332114,-0.04471751519263,-0.0281882450607147,0.0194600166011795,-0.0441992692951336
"752","93427",0.0583314136302341,-0.204898701598189,-0.114092967585986,0.0116534928552461,0.0395354460302923,0.0935362841366238,0.0537558039605965,0.0373427734104433,0.0476427325897248,-0.0977611254365896,-0.129349089710651,-0.0714855316377792,0.0609508773834748,0.0469416463801942,0.025933824924873,0.0141856559317551,0.0441062628570772,0.050704762034103,0.37096135641792,1.08213493245744,0,0.121874470830166,0.291696020035396,0.856712913148227,0.0165146590830283,0.129362284505393,0.182522939654116
"753","93428",-0.113938724307961,-0.0417837001515265,-0.20884115036399,-0.0255516435467993,0.0112627963846189,0.0274863375230034,-0.0391628805670798,-0.0105714113295194,0.0046655105136762,-0.0403841550249186,-0.0599414308006597,-0.0690413438995597,-0.0677554866608084,-0.0660409953916492,-0.0498923423822892,0.0111838635298176,-0.0554615068347948,-0.0229130045067286,0.229428244936688,0.330493352280608,0.563072955198637,0.307640761443092,0.173994158832003,0.575949306400566,0.106210028662657,0.0523369435368972,0.273046314112408
"754","93429",0.000364181165430217,0.0198637667887693,0.0372997381755028,-0.00553137113030927,-0.00660727326110865,-0.00961284817801091,-0.00386901009842249,-0.00764583638281643,-0.00697349547333496,0.00122153112663936,0.012061213134933,0.00256327030379273,2.40492262316461e-05,0.0147598368779976,0.00379056000370748,-0.00268309199737075,0.00253624675320041,0.000702426895446748,0.00124256395481695,0.00646376109742956,0,-0.00400386860044031,-0.0084656925445545,-0.0117092513335869,-0.00950422791408154,-0.00756310764645931,-0.00836830059886789
"755","93430",-0.0155778854353729,-0.0131459433011179,0.215516304770563,-0.0205942086733695,-0.0252600852737315,-0.0295867013873445,0.0404945009325594,0.0534168686569078,0.016500617074591,0.139986734354572,-0.11032864950664,-0.0654442357034294,0.0438340394339512,-0.00580768850993586,-0.00320498397760774,-0.0254574537678732,-0.0332146551341487,-0.0947278974412295,0.0610166211841953,-0.0861017773690578,0,0.00132603763319658,0.0567836694532124,-0.23223151081285,0.0247443117828442,-0.0176259061348063,-0.0800213308375387
"756","93432",-0.0693975905297041,-0.0491415202713404,-0.0304464756292636,-0.0490123332169991,-0.0780911897910156,-0.0718950549896047,0.0587203892762551,-0.0336722545913704,-0.0773978444102691,-0.0895737638625735,-0.0766308148655806,-0.0965106434988753,-0.0389942091489874,-0.0282396447385058,-0.0847396170298621,0.0234979682136171,0.0170851247912221,0.0289279193810266,0.0197776290320655,0.143266810338611,-0.033638447027335,0.0487762544962934,0.0446797775206738,-0.0377936441691785,-0.0113478516043517,-0.024908978338703,0.10718176271646
"757","93433",-0.0809732686786011,-0.024957818281591,-0.257431870511841,-0.0803346569542832,0.00671994278907082,-0.252299154173061,-0.0145878180631731,0.103323366279641,-0.146217268651491,-0.155457711451461,-0.424168624181602,-0.592444292844146,-0.145433967970271,-0.127247515988708,-0.0903147402539509,0.0105498444852457,-0.0562334814123913,-0.00781271932682094,0.00913841509110939,-0.281532548607517,0,0.0615897995574992,-0.085735605616747,0.668069950569131,-0.0566158002128441,-0.108394647626208,-0.16500888814476
"758","93434",0.0477153329111351,-0.0750753479685271,-0.287255615393231,0.00641809969376682,-0.0478279436986961,-0.14044850447659,-0.0299120391628142,-0.0254090156056787,-0.0104003391985033,-0.030834527612487,-0.109016609405225,-0.262449076883723,0.025713346798334,0.107770595088981,0.170014911483083,0.0399673598512441,0.00618405358621716,0.0757785843445392,-0.0577257139872558,-0.110154755143991,0,-0.0364834309996357,-0.141265084884897,0,0.0329915760180234,-0.150774014302842,-0.144212828424715
"759","93436",-0.0860280325858028,0.00176095437026416,0.198797080949263,0.366940338844359,0.111788767160596,0.284994059203399,0.21418663808434,0.289299566374737,0.134570650848909,0.387409955135755,0.0593763208655857,0.852852518409082,0.0623543386238453,0.236195844567147,0.18826984406476,0.0774654959004698,0.116305855809802,0.221586002988869,0.381611365011706,0.404259049586641,0,0.380683390934288,0.603336613862562,0,0.124118245051688,-0.256770934238671,-0.427652353910084
"760","93437",-0.035941487179795,-0.00305057251851083,-0.00234655711612608,-0.0385752442665413,-0.0343981413605506,-0.0330249602198656,-0.0217016464086396,-0.00382453063014535,-0.0371979797377732,-0.0297389269423987,-0.0229129838652512,-0.0402890176067555,-0.0326337456168636,-0.0310363080046654,-0.0465957882759868,-0.0335258841651712,-0.0324803733511667,-0.040041884921686,0.0284690989079022,0,0,0.0228659025956978,0.0969576547548363,-0.102173487396426,-0.00862828699056727,0.015420971292026,-0.037292229631603
"761","93440",-0.049111678232609,-0.0212455346799578,-0.00634937282046712,-0.0360169860131196,-0.0542431810266901,-0.0555373066168732,-0.00692826555054214,-0.00428882574555039,-0.00837610080834318,-0.0429566201672398,-0.0206520786704552,-0.0245649836428795,0.036793728908967,0.0588401790381254,0.025626513560359,0.00344574289865414,-0.00345343887334947,-0.014846970512667,-0.0341997503608938,-0.0129376429685866,0,-0.0375213513482466,-0.0360809966555083,-0.0377921733108054,-0.0433506796533706,-0.0367333255851778,-0.0263016823233494
"762","93441",0.033315744401349,0.0972820208819769,-0.0469896601986634,0.0245584235184031,0.0184014637642407,-0.0540950038679904,-0.00177810703169595,0.015496068944607,0.00298125556201774,0.0514518435044992,0.104159678478231,-0.0596687040088537,0.0364874943547898,0.043003351663496,0.0501021408088521,0.0279203390090084,0.0188127027351469,0.00803431970829542,-0.0380684942931272,-0.0047455947578424,0,-0.0298613728189278,-0.0279106052390648,-0.0315575396992502,-0.0185950482674232,0.006638131526299,-0.0307100339413754
"763","93442",0.143253472159559,0.737696344365841,0.678052837586399,0.310355825896113,0.521434198159527,0.559514940453862,0.148316700313448,0.251669628284787,0.252689322947139,0.204625058463503,-0.374736550955795,0,-0.0809148023348124,-0.11695066342098,0.103086462983989,-0.0766977044534164,-0.18639918735625,-0.079577687289909,0.479687889992184,0.345126096899188,-0.302147850827028,0.214729640670335,0.414961110676999,-0.273811828461125,0.0617809072061214,0.181539103519645,-0.0554238008270415
"764","93444",0.268861410406755,0.595275028724597,0.160589950990039,0.251482507821156,0.261937524496297,0.501608880425889,0.136481135711484,0.32917492583603,0.331559804586487,0.119972048188208,0.184186599107657,0.359869830875991,0.0163153624963326,0.0224411013014768,0.181322449275666,-0.00448547288617846,-0.118025040672637,-0.0440465381242605,-0.0668542730089258,-0.327659110384463,0,-0.138170150442679,-0.0874085116340643,-0.0614709518511804,-0.0654523958682319,-0.101803921424263,0.0691064581880433
"765","93445",-0.206253914941414,-0.254021663300563,-0.220576476722268,-0.221499282754815,-0.225842585123267,-0.27346354857847,-0.0889050744870977,-0.180680177930614,-0.259271893660219,-0.221792584105902,-0.258924287945873,-0.259858181936054,-0.148957120069539,-0.196514263574122,-0.222082419019035,-0.136159256829445,-0.247533727389341,-0.277476976751449,0.018127565313133,0.0508204742251963,0,-0.0620037459183262,0.143758713793647,0.753985676239974,0.0233248620124468,0.187604125586707,0.268032746459811
"766","93446",0.518340362241405,0.899541440904651,1.43463621555967,0.101765282516164,0.517980496884294,1.1434336065986,-0.126718554353509,-0.0536491556673985,0.106959551375996,0.75727537276196,0.916577867314211,0.648271426004527,0.288208514953092,0.569225272051726,0.856606552081014,0.137843712427863,0.403153336220709,0.35816763241882,-0.0457278027790479,-0.130140171990369,0,-0.155667562505992,-0.253728628712438,1.81330628686354,-0.114913571895377,0.175267843306039,1.45061347364792
"767","93449",-0.028247594176948,-0.198195963197496,-0.348478226305051,0.120770731300935,-0.00871751893906597,-0.188214562370449,0.17715835540388,0.102504600834015,-0.00983135348745008,-0.162053379566185,-0.217682504594797,-0.0126267229688354,-0.0769152795155152,-0.0915271630370873,0.0216690982512127,-0.109729673925697,-0.184111029172774,-0.0900944609014954,0.174006801544696,0,0,0.171588940883555,0.449456983436733,-0.49414697397874,0.0951759454417974,0.216017825386088,0.224139445730655
"768","93450",-0.0191865580397815,0.0035439001748733,0.0216540449604771,-0.000148982033017138,-0.0376870998467586,-0.0235190176652798,-0.0147284430218923,-0.0361186430976774,-0.0325732811367283,-0.0278213127337895,-0.0147701800418735,-0.0216132380409422,-0.0262746570339715,-0.0143020969911099,-0.0240533241432605,-0.00147971502911018,0.0040369304246857,-0.0383900956611408,0.0990771527628751,0.296147833251637,0,0.0263107732931138,0.124050906049329,0.304996259421934,0.0285223876372009,0.131265128640734,0.165983444942437
"769","93451",-0.129629555623936,-0.0923489227716749,-0.0732696883626727,0.0111582599297121,-0.0109681721610521,0.00966758843328305,0.024177037685286,0.029436672224956,0.0813840781127193,0.0782626617854709,-0.115026456365554,-0.127885047731955,0.0337020294485742,0.134134397263657,0.0508886749725262,0.0207128061135311,0.0340823668170688,0.0776311369870162,0.000536560861622349,0.0719148232189257,0,0.0168563953108167,0.101594321434116,0.0308010614215091,-0.00827154136717667,-0.0302481748992044,-0.0668207361263316
"770","93452",-0.0152423907245633,-0.000492067370791347,0.013023268646643,-0.0194949150624519,-0.0201638058478939,-0.0217104921405607,0.0149584169401295,-0.0225732078056742,-0.0200337699350796,-0.0220730932436428,-0.0124834409294199,-0.022937693544055,0.0407871627186166,0.0475152335219327,-0.0330061655090119,0.036876215192148,0.0585324789396653,-0.0342298330129826,0.0476117056065888,-0.00461094838783629,-0.00918868305489995,0.0265233306242412,-0.0284727113755565,-0.0163149008003226,-0.0039542583230862,0.0125504078191193,0.227934237963446
"771","93453",-0.06988594991312,-0.0136342764857624,0.0513066852380858,-0.096724614555936,-0.050049723815048,0.0205143370661398,-0.0447223630418154,-0.0214442762993274,0.022530771085029,0.0143891834301323,0.0319661247342288,0.205700390982799,0.0265687705774816,-0.0322790267815027,-0.0668157301542713,-0.0344990320984808,-0.0353874095780593,-0.0837684422952791,-0.144393031700383,-0.136478175598728,-0.136165799709872,-0.0829273719878975,-0.0616921680716821,-0.139175910212191,-0.063715677031034,-0.00848249871918092,-0.165659780116641
"772","93454",0.216624190773016,0.137488223749717,0.341096375321291,-0.0131233040328256,0.798684209314502,1.56785457717967,-0.234535175575893,0.160509003122182,0.313927583578516,-0.364867686148974,-0.242452848811018,-0.268609606386855,-0.130250906129976,-0.153799793644753,0.1577289757138,-0.170470074541765,-0.338406361552421,-0.274799363197456,-0.523282745528598,-1.1342898036862,0,-0.386882091133258,-1.39030171730359,0,-0.111493818543589,-0.504716912799056,-0.378504256736521
"773","93455",0.111529762677505,0.59047057703995,3.74485627324369,-0.032016744671722,0.796802590934263,1.73013158587869,-0.0394787540644281,0.260832582451724,0.450777700771799,-0.378369582887205,-0.877270481509809,-2.25374125156002,0.0286576495039675,0.257621883337399,-0.154134038128952,-0.0448037157236307,0.156190499751695,0.14179299857948,0.447203677864909,0.943325384758158,0,-0.010995337596374,0.157405254672526,0,0.0447992675777163,0.499643271440798,0.396864117826502
"774","93458",0.327987344197084,0.199810997581292,-0.303521769048185,0.220503229555258,-0.00560653410436641,-0.0697565745926649,0.189887716064336,0.260763050944703,0.116235687115423,0.129464350859367,0.449483385741617,-0.145450970745022,0.301633843318748,0.0206124823822108,-0.0865130536454397,0.080235448860836,0.229405811809327,0.0570578199603722,0.260977924146292,-1.5188801636189,0,0.262449719310702,0.108356547619296,0,0.356212557052466,0.222279107116453,0.290251508758397
"775","93460",-0.136994323861345,-0.0390742211251886,0.0757483167330116,-0.0555963533292899,-0.100159797759878,-0.105415827169915,-0.038915221349621,-0.0791786420514918,-0.103129751977399,-0.190758946805246,-0.189138053380801,-0.20706318746231,-0.0744965221396206,-0.0678501957760985,-0.0476167855877185,-0.0231509877256603,-0.0174690946311943,-0.0287776416975941,0.00983817656475675,0.196881449807134,0,0.00493921714717648,0.16253851724701,-0.0451497591770252,-0.0128205969987568,0.101962519199246,-0.00130054907080039
"776","93461",-0.000847141778978335,-0.0640917080908672,-0.058325650609274,-0.0206730089586604,-0.0183138985224315,-0.0713498992771329,0.00352359052579065,-0.0497677759463728,-0.0245595257607145,-0.0100497889011395,-0.053022330595954,-0.069999915967124,0.0494627728188931,0.0711207617106914,-0.0270100938991528,0.0484596246081463,0.0203834038782204,0.00013496643791343,-0.0441196050286332,-0.0199429274268225,0,-0.0252581036517245,0.0180768948801309,-0.117534170642326,-0.0368472238655536,-0.0174056145659136,-0.0544559793201536
"777","93463",-0.0411728178011843,-0.0901353138152938,-0.142710772739013,0.104426481332949,-0.0530034848408328,0.0163378706303011,-0.0279952059156466,-0.0441790401301511,-0.063555018704074,0.0597359279858857,0.243480745587538,0.0332339212109036,-0.00129513518601926,0.0795764954426168,0.112399561349037,0.0202522084765113,-0.0662992159645702,-0.00760247058788852,-0.0134061840127273,0.0285490010885844,0,-0.0150747695745419,-0.0776506375827505,-0.271879448204249,0.123479233278497,0.220411180946353,0.323442098034411
"778","93465",0.16320423942443,0.442761178284148,1.05535147053398,-0.0898566931844514,0.0495305444516714,0.139771969768385,-0.00511520425818974,-0.0203264742168742,0.02831514453744,0.0690558945008835,0.231424830386737,0.0798997577454924,-0.0299044529638832,0.0374762582123266,0.025168629733931,0.0169618801867631,0.0442227867620805,0.0663681441956112,-0.273820699587239,-0.285353426256788,0,-0.0779131136880593,-0.272762922481701,0,-0.107498056406657,-0.261268320076346,-0.484826629099636
"779","93501",-0.295126722291442,-0.239509421221626,-0.258898821611022,-0.0228573497936178,0.0623332243150319,-0.153654960071064,-0.00259114072373622,0.0494960636521147,0.0099375854790982,-0.18054646340794,-0.106702241344008,-0.363628689704272,-0.163081567648422,-0.0115999507192278,-0.304236572622946,-0.00600529565492956,-0.0336415584627056,-0.0499127483835526,0.332724573879126,0.360189247904633,0,0.0503595253076827,0.152933945097925,-0.448161752752187,0.012952665378222,-0.0187763594811055,0.134880440886628
"780","93505",-0.151211735052284,-0.344203563140828,0.481858459685844,-0.0876201138639543,-0.090859778255627,-0.266514097463444,0.0448224758861348,-0.0137768843841259,0.0496444565962826,-0.00269662017213689,-0.203251052296437,-0.438083462195085,-0.091005238074881,-0.270039978156115,-0.20585667319592,-0.057620917857477,-0.128794792643931,-0.115327083820505,0.0791492150863943,-0.281069978394943,-0.176417944169163,-0.0837851083031608,-0.000890240633591717,0.128629984195531,-0.0375381555762213,0.057651227506069,-0.0893979657854175
"781","93510",0.0136077060914186,-0.390858304201586,-0.294091327135516,0.0254041614272443,-0.282135160191004,-0.231873604043596,-0.0611923927743613,-0.131309663212165,-0.177127960983621,-0.18764960871392,0.631326829502641,0,-0.0676147163141248,-0.00971357085509423,0.34623518551012,0.00236849522596501,-0.0322193699578024,-0.0877171819696209,-0.0776078935362551,-0.429863562019025,-0.473058437118605,-0.161849754514483,-0.248298748898459,-0.231114992695108,-0.0882535663437315,-0.0761809578015398,0.0114246343560483
"782","93512",0.00128877239545057,0.0193783902955327,0.0347145272780068,-0.00851764453988743,-0.00858934278365498,-0.0099683038748883,-0.00595906570529928,-0.00609776268648813,-0.00736196426900985,0.000236014809260105,0.0114480110485194,0,0.00136456114300522,0.0144712216172834,0.00332973865264311,-0.00190190409894543,0.00268087877849553,-0.00018123419986119,-0.0146666264227169,0.00101264681338554,-0.00729607618170481,-0.0162589348061078,-0.0166710409690262,-0.0153037694510166,-0.00209872825556579,0.0176156561192838,-0.0266506434765028
"783","93513",-0.0435611175456043,-0.0217109815686054,0.00500488398212111,-0.0652763968519422,-0.0632963705213061,-0.0644393210102365,-0.0269101812244945,-0.0585354557400987,-0.0440388756713262,0.0138214973842157,0.174544326002572,-0.0248116273129976,-0.0314692845687147,0.0543900925591636,-0.0312976700090303,0.000728711894216783,0.0435603028190523,-0.000266590357007505,-0.0857638540573099,-0.0802942425214664,-0.115309434797103,0.00821325495154748,0.0270380161209575,-0.102162930140137,0.0273997265755304,0.0812332970850193,-0.0200283400702483
"784","93514",0.0806068965010864,0.0132544376394484,-0.0708754935692713,0.0136573311741071,-0.0792407158994433,-0.174868633585442,0.0847692854115078,0.043456283020686,-0.052218527178498,-0.0818600472743914,0.113709145993744,0,-0.150043294398163,-0.102682683074903,-0.657845096058663,-0.0764903136259815,-0.0545444172350542,0.0520317444882781,0.00429937390037351,0.0367669365258306,0.0221680834549993,-0.00572840302836984,-0.0777001555266804,-0.0591712278562163,0.0485181029502196,0.015840389034751,-0.00875598470677871
"785","93516",0.0600350500810429,-0.0630953790397981,-0.107906807655645,-0.0385197185269019,-0.0303659759961862,-0.198540976536085,0.0263730286122866,0.0253141091382913,0.00126959124786165,-0.0115261091211568,-0.122146012526324,0,0.0155562408053516,-0.141494605587798,-0.169685734065507,0.0239567891533556,-0.0815298083858541,-0.0591072714497443,0.185330624053801,0.0812725974278095,-0.362769895344017,0.0292341417736993,0.117511152612936,-0.117535032358765,-0.0297603313485203,-0.0338140653545268,-0.151102673438589
"786","93517",0.00169548534012655,0.0193154262724531,0.0335875038955872,-0.00190860893359584,-0.00833587511161102,-0.0121601572590589,0.0018293128167608,-0.00365586823743292,-0.00670572462815313,-0.00729835006789114,0.00660886147284317,-0.00300894493791021,0.000532006599991892,0.0131978545134182,-0.000499749364814155,-0.00104679975052235,0.00154621349228357,-0.00265996724564339,-0.00705368899483187,-0.00532100424277154,-0.0268880504412695,-0.00839122023905445,-0.0247173372889323,-0.0375115772794987,-0.0118111015696269,-0.0167061365830463,-0.0195670845706991
"787","93518",-0.0658780938596604,-0.047573985409897,-0.0269564833412577,-0.0744818674149841,-0.0733842568195739,-0.0755502848898861,-0.0361266770813363,-0.0311997214494349,-0.0405123512810212,-0.0588171031102148,-0.0323019004354171,-0.0364047893344297,-0.0243141875132865,-0.0321527334717773,-0.041927602896896,-0.0151919930766779,0.0122974103124242,-0.00112155333801677,0.172364858136924,-0.0925328514748345,-0.167049500574036,0.0504160673352682,-0.0424941354901063,0.0889304427513587,-0.00467971947776855,-0.0597116614421468,0.0228522196171351
"788","93519",0.00204785375104891,0.0196282469956069,0.0344133666539674,-5.88315642938154e-05,-0.00562586152364868,-0.0088980424650579,0.00346949939186489,-0.00132159455668378,-0.00332734524736681,0.00217779405881722,0.0122086834503423,0.00264485558381349,0.00524757434381305,0.0166507109151265,0.00581222987988395,0.00269278535327826,0.00578502986246802,0.00294644476654782,0.0589306651509913,-0.00780531419038084,-0.024705286071193,0.0162170066969191,0.0584435284090476,-0.0252159849971768,0.000515525078892368,0.0347843232912805,-0.0175101766110598
"789","93522",0.00405848337114213,0.022337736261293,0.037873627751644,3.51429698029917e-05,-0.00498762405656702,-0.00754178861517995,0.00114507301229962,-0.0041928560130174,-0.00381364054861125,0.00225099488483308,0.0138327667158912,0.00498254162652691,0.00457886003433987,0.0160640765221181,0.00503130767770995,0.0012160105818024,0.00477596443360854,0.00188232150964755,0.00322932035404794,0.0104069683814542,-0.00267049551200082,-0.00142424777169577,-0.00809381294071369,-0.0114411386147533,-0.00639194833642162,-0.007230649228958,-0.00872394935974892
"790","93523",0.0517871944403028,0.336950973307784,-0.137072974699199,-0.00222060070490412,0.0817093376874622,-0.00171532824607938,0.000918984695698881,0.00864915462375814,0.00673453252845992,-0.0842819767984407,-0.14970894454985,-0.144105851953533,0.0199319340850173,-0.00917735875307052,0.162771731193781,-1.36708939804023e-05,-0.00643752667892802,-0.0104254042987291,-0.0578804542979595,-0.158041259534673,-0.172558403297245,-0.0800206542601455,-0.149871207160219,-0.149798952947738,-0.0703934751984441,-0.0970570017895529,-0.111319342423366
"791","93526",-0.0421182515731807,-0.0149191171773953,0.005611647598218,-0.0224345195592765,-0.0555831168922422,-0.0517198883269005,-0.0134700579234567,-0.0251616684787069,-0.0502466538169181,0.0925629111248332,-0.0136787690707172,-0.0198752691270291,0.0169855053475282,0.0920301692919022,0.233215513983382,0.00167523974175169,0.00675163820853382,0.0491320460273061,-0.0226249286163583,-0.0130951592929022,0,0.0072103101883072,-0.0420899300055654,-0.0488271340746634,-0.0111698833689612,-0.0403548445921371,-0.0485016848602199
"792","93527",0.171536791778029,0.32985168177866,0.671882234040395,0.0184835223826983,0.0227428312380611,0.0334410509538357,-0.00887173480507204,-0.0540794926282228,-0.0308376257291507,-0.0678008145381645,-0.0124277904436239,0.062243025870155,-0.0671143175626017,-0.0204003858064255,-0.0318497888230584,-0.0142005654798558,-0.0172678801380313,0.00520384245915412,0.00967898592683879,-0.163743785662847,0,-0.0167784543073031,-0.178825757992095,-0.199090894903668,0.0425070559746477,-0.0550324234999394,-0.201651813699698
"793","93528",-0.013740028404443,0.00885034770504848,0.0244085394837168,-0.0189123208331914,-0.017870826431954,-0.0220264046523004,-0.00562322005734755,-0.00240785696864049,-0.0222874960559239,0.0537732768054027,0.00168618197898525,-0.00387544752322536,0.00793217105925614,0.0785092435351029,0.158736543638212,0.0100536927475608,0.011225644815792,0.0341027986947779,-0.0243293034224231,0,0,-0.0233622535348374,-0.0227209651522499,-0.0117547799084832,-0.030344487660654,-0.0246784609204436,-0.014025817904556
"794","93529",0.0615716182410161,-0.00281444844048319,0.0208486086417544,0.0227818372386473,-0.0211390362558367,-0.0226662483749127,0.0145018770572157,-0.0103518952541802,-0.0115678362175239,-0.00383913726901257,0.0124724502863679,0,0.0016590187867298,0.0157978420026667,0,-0.000555833587160068,0.0042691396615347,0.00261627743420953,0.0654558968702889,-0.0290653364912314,0,0.0198786734283547,-0.0196798556470981,-0.013671839313658,0.0163839053494871,-0.0180552374097764,-0.0132391485327769
"795","93530",-0.00907005164320068,0.0140566354700839,0.0378790418042491,0.0145070010244588,-0.0232608039162933,-0.0172560501550037,0.00137559446074163,0.00364979983824905,-0.0230623120303046,-0.010694474633788,0.0142451544723041,0.00498624919142177,-0.00776231994622371,0.00784450351826613,0.00601299877092158,0.00310054002029212,0.0196678708379482,0.035783506833402,0.0537541796081289,-0.00753643016236325,-0.0255692241311152,0.0159309385185198,-0.0389414511600294,-0.0444659762162783,-0.001403519704105,-0.0257617158888611,-0.0304907744562058
"796","93531",-0.0186024600755513,0.00740334838254604,0.0317003963145738,0.00930115654422662,-0.0270898164800503,-0.0249718225521193,-0.00203656022828166,-0.0223637957659579,-0.0178403728826709,-0.0163356793671007,0.00156518287075937,-0.00494726955958392,0.0432247809250719,0.0541595394519368,-0.0191263763297106,0.0422102615980899,0.0408793987813335,0.018502552354033,-0.0188332996108631,0.00120436876957311,-0.0105759082537115,-0.0171591701781365,-0.0197248767313905,-0.0183585048266917,0.00795204857282581,-0.0210276210040662,-0.0233829712707003
"797","93532",-0.00122113857831082,0.00318148434894847,-0.101273736161033,-0.0525213024219087,-0.072305940007639,-0.212091848600197,0.0169915349775724,0.00431489612206107,-0.0204933659583558,-0.0605806522974764,-0.0773539299524859,-0.0815280590052178,-0.0591993361400734,-0.109503972866198,-0.117157521383316,-0.00542066724607639,-0.0406520910270987,0.0294977995542862,0.0575821704965827,-0.132799615704569,0,-0.0449116512059076,-0.164803570854233,-0.100988619417627,0.0286205346321885,-0.0497218871140373,0.00363154128176734
"798","93534",0.0104848827411164,0.0308202918889979,-0.0667904933362211,-0.090715144206038,-0.0162245289878487,0.0145271856203276,-0.367594651178278,-0.382241353520721,-0.122071109338405,0.146326453041503,-2.2512744916095,0,0.091378964595173,0.478154889249529,1.66606938016935,0.0751484320020068,0.184387512558691,1.18633213117165,1.07381766966239,1.59763313248779,0,0.377108802354364,0.248166260633812,1.12484434830784,0.0909506996768344,0.0114771109583758,0.25912385585069
"799","93535",0.289110043585536,0.210525110077522,2.21435877409305,0.238817228450329,0.490688567409761,0.516459906939666,0.141692127182665,0.262523268827838,0.419163797569773,1.03639218095392,-2.07961676824621,0,0.779940669331429,-0.0170598616663135,1.55915495038385,0.537094816948611,0.476966156951529,0.426191988185244,-0.269451662728575,-0.0620759327388824,-1.14949174661955,0.326981670387851,-0.74325178722299,-2.05751795517731,0.159989315748713,0.927125981664307,0.720217724442876
"800","93536",-0.35176632078203,0.600085887774058,-0.675892342431515,-0.268762110394073,-0.120261167175989,-0.127119888058248,-0.296454295406676,-0.383617723968895,-0.19778420820225,1.05283943057869,1.01116083869302,0,0.191060210121986,0.790088227830524,1.12242032612925,0.114743901632849,0.209692595730964,0.46962161638495,0.185961761994131,-0.0843935861138303,0.574196304595747,0.285996654672091,0.125734090259951,0.360638315406186,0.340853495531462,0.127788075094807,0.00375948197282023
"801","93541",0.0656435563471886,0.00973680527653943,0.0357025926569965,0.0245682734301768,-0.0117779721625549,-0.0106445556138573,0.0145027807298183,0.0200483876996742,-0.00975144595867682,-0.00283795531713611,0.00906020925390461,0,-0.00374113660745543,0.00588217833703824,-0.00275761155238492,0.0251924929308957,-0.00668067492932541,-0.00387555382967782,-0.00585076993440171,0.00507781552313352,0,0.0181205221107979,-0.014625843395728,-0.0213010896155604,0.00193721931825111,-0.0126931472127906,-0.0127196339528742
"802","93543",0.33066866500788,0.61267693278224,1.43476726630018,0.158344148680281,0.224399185309248,0.548823591569323,0.213689693228067,0.146953515423521,0.253767556152028,-0.0025541120744106,-0.119896719144071,-0.0544109632092103,-0.0218523266480587,0.00701961143259224,0.076960078944023,-0.0372119713645223,0.0427323602063947,0.149812982381476,0.122861334202913,0.136300875335834,0,0.14793824838881,0.525112686136299,1.43239943779381,0.148136904560978,0.377483638294569,0.238990323117303
"803","93544",0.0631188072216662,0.0200148542149868,-0.122451880033783,-0.0240953389286608,0.121082938238761,-0.0685173305674117,0.0646831966101663,-0.039341015480138,-0.0184576345419479,0.170976408287165,0.21691434766169,-0.185519172023788,0.0496047833628078,0.131230776446683,-0.0807139002751686,-0.00103998509901514,0.123393710957196,0.0648186123009937,0.0143816392224833,0.117413528531288,-0.237662340837601,-0.0151266660138259,0.0184159384907232,-0.2422493723695,-0.019733804781579,-0.0933246877903193,-0.156065623469488
"804","93545",-0.0848309405384735,-0.05838785875638,-0.0346703048296858,-0.0410637477427103,-0.092870041698546,-0.0897721124849345,-0.00259886161714797,-0.0315463229693725,-0.0576651357529613,-0.0850855251355908,-0.038917433286855,-0.0468019329723144,-0.0105540363329075,-0.0779886728591075,-0.0563095606137992,-0.0248454882740013,-0.0722923520212817,-0.0335271536598745,-0.00419731252432406,-0.0667860283176575,0,-0.0184425785709646,-0.0949558018005566,-0.0995125677401788,-0.0556048070877324,-0.0823035815003212,-0.0797998019186198
"805","93546",-0.00716221835974536,0.0582473620747098,0.275148259169034,-0.0422778280436587,-0.0268276950428848,-0.000899514290622023,-0.0271679802734887,0.00152196642464029,0.0356800360612292,0.0608728592799787,0.101321612707077,0.271167837658831,0.0232214430769875,0.0657632221330074,0.126437830504617,-0.00656127040838708,0.038040225739169,0.0647949821561863,0.00071864436354026,-0.16858666496308,-0.227984700875891,0.0101508079777156,-0.0849090126902821,-0.194570669853974,0.0385291895157933,0.0639214211254724,0.107747718297761
"806","93549",-0.0119873712309158,0.00848531105132814,0.0228295129369429,-0.0123028826340272,-0.0143572161113001,-0.0182067406736207,-0.0120866078206691,-0.0133879378289094,-0.0150291057480481,-0.0103670905705615,0.000271216504920238,-0.00901661978927418,-0.00981731842395448,0.00258373942411471,-0.00869266703785866,-0.0142812222819552,-0.00694070852935874,-0.00982544759912558,-0.0118585096663991,-0.000700154474707881,0,-0.0155185846945093,-0.0269253597917619,-0.0245551682589176,-0.0197816245516539,-0.0201944984828529,-0.017224326384307
"807","93550",-0.262255680627089,-0.495717622757202,0.189309476846013,-0.201394341413472,0.275396620872534,0.413982154570808,-0.242469231712947,-0.0418643838902776,0.301563148056256,-1.21449617268003,-2.44447222931683,0,-0.554421104704252,-1.16009283458601,-0.185512830498381,-0.16512065005607,-0.390358094585281,-0.463067374818536,-0.277897881604572,0.434266000919382,0.238513538440733,-0.195410890713771,-0.203001668917606,-0.984433909109387,-0.0140698245812265,-0.418505400744137,-0.802192987233177
"808","93551",0.237964257328447,-0.753938400556057,-1.06969973603843,0.0621639970909676,0.322643627074956,0.554220724009344,-0.0330591899201434,-0.0941878094953425,0.00262449261585451,-0.124287340195158,-0.505316300107161,0,0.224754516293522,-0.443421347944187,0.24415980235491,0.0787201221705526,-0.196230288167397,-0.0792227071088672,-0.531258988138324,-1.03857027350116,-2.0341480488682,-0.392530091466454,-0.0728956143920318,-0.650470213693938,-0.361294216838649,-0.285978460898428,-0.558435672742045
"809","93552",0.239040641025051,-0.304705516524105,0.0304710452466313,-0.0212144750278853,-0.258285119246956,-0.532564251740274,0.0223483143041661,-0.075601833354975,-0.236632260013009,0.247726353541525,0.0480579576753739,0,0.0369465802234491,-0.220567886719815,-0.532326256706729,-0.0823109191145553,-0.0573837768199769,0.180401005654555,0.113997695317807,0.338174310303367,0.554598237212065,0.0971469815576527,0.252407847531968,0.600242853119835,-0.00839104517258254,0.174468782387703,0.536293496616626
"810","93553",0.0525123586086369,0.118442855939284,0.0418878963662488,0.0357196088819118,0.0600212259987385,-0.0800107492075498,0.0491180714304219,-0.0718283836263783,-0.0132300232086805,-0.0158032807681455,0.0672574164250286,-0.0589770844384193,-0.0499689961154427,0.0251718672145829,-0.0119006712895573,-0.0232138179448009,0.0122499123568068,-0.067591634364279,-0.00103356727517011,-0.0561727885854685,0,0.0280241113535999,0.0374696331142868,-0.0962439187843018,0.0023338525872741,0.0437093551057998,-0.0718085936553605
"811","93554",-0.0172657283915606,0.0181361572790432,0.0335924646000032,0.00814978150369708,-0.015022784596136,-0.0152346233639388,0.0153383480387583,0.0246653377809283,0.0147012258090138,-0.00832010545786289,0.00302183853039587,-0.000708358752518106,-0.00657119823735794,0.00940882018863331,-0.00131378793565947,-0.0121778929132607,-0.0046994316263623,-0.00584727819381561,-0.00309969172036755,0,0,-0.0130767513207741,-0.027037041207836,-0.0251444369058469,-0.00277327423185554,0.0423036360941598,-0.0152638862619436
"812","93555",-0.250573623531597,-0.0709886010871875,0.0839643241390739,-0.332258730008281,-0.224671078988099,-0.258001062593087,-0.297534392530593,-0.215520711609348,-0.151671366345029,-0.503972359253904,-0.884020443782823,-1.67708947492594,-0.113251365934753,0.29008925860587,0.297259171709538,-0.0222076391223092,-0.00851343708066158,0.367133315813645,-0.485911934258294,0.359914391517775,0.513092465258564,-0.327214760788007,-0.422788514284339,-0.407412571740421,-0.0134395613512881,0.174864929473694,-0.0949525125039988
"813","93558",-9.31258005308425e-05,0.0166716145733,0.0307033334012076,-0.010390539629724,-0.0124942981327975,-0.0155583433231418,-0.00547702723694595,-0.00969130937951519,-0.01174238883613,-0.000976249069204631,0.00951404911943556,-0.00174375466128464,3.85162806816972e-05,0.0108486262059148,-0.000371584119054533,-0.00551115703586517,-0.000866391749941946,-0.00390000080172789,-0.00289945488024794,0,0,-0.00877611121998725,-0.0104148344651396,-0.0116358997406985,0.0152825774137597,0.0463958149661751,-0.00903965853030008
"814","93560",-0.128229416362946,-0.0306669979522971,-0.402598429252745,-0.275624589386379,-0.207138597908764,-0.286554864564814,-0.1367204753955,-0.144190388538932,-0.150927905260839,0.393500534891227,0.245986219181498,0,0.13301563355709,-0.00211796753777754,-0.330282419555453,-0.0507370437021642,-0.0605453244930602,-0.0886724462929989,0.211538200805552,0.61687180711683,-0.838785241481758,0.105608766327739,0.41585758058992,0.815448967121083,-0.056805137108461,-0.130408759472009,0.21258631415843
"815","93561",0.206353286751775,0.141930279719982,-0.242254017861234,0.0564540073244472,-0.0592949387314106,-0.0655369015784243,-0.053793604730598,-0.0320590210460945,-0.163600037130005,0.295640175780528,-0.426613233025363,-1.03769139467465,0.0901061918941747,-0.00642740215351854,-0.0504860582271156,0.143298779373292,0.189717054507338,0.169503857407474,-0.285799699176298,0.279510157281945,-0.865291572345542,-0.330067271589383,-0.251217562486055,-0.562220433504783,-0.127149516917849,-0.19723485164001,-0.606710742582562
"816","93562",0.0435809530417987,0.2198508975371,0.934064276126827,-0.0361832952743178,-0.0184556625634056,0.00494732450073378,-0.0219929132229456,-0.0457737475872643,-0.0193306790290772,-0.131034635984807,-0.214238365253178,-0.251443973751059,-0.0782604995023085,0.00219484231399661,0.00250143842751345,-0.0530790214508091,-0.0389835794222724,-0.018345390572226,0.191219848178165,-0.0491857070125855,0,0.186712646817821,0.261502391718666,-0.149319591361422,0.0395500943355171,-0.00423264586074887,0.0742851027821456
"817","93563",-0.0160429775490574,0.00719986281642094,0.0338294799585072,-0.0166221557825073,-0.018674864894225,-0.0186808155947158,0.00533900304933402,-0.0170642522520949,-0.015782760311793,-0.0109405328063265,0.00712925568736301,0.00372196956227566,-0.0118109610827113,0.00309073654663711,-0.00399611364231202,-0.0152225250325738,-0.00959164399617585,-0.0119195071152517,-0.00343105255882849,0.00948082613210146,0,-0.00650128155322241,-0.0107020999633762,-0.0157418943506655,-0.0118581212143932,-0.0111267275334565,-0.0123972193453733
"818","93591",0.0664485170822338,0.435905389275625,0.394106411427663,0.00478299766474353,0.0466018611127173,0.159861899834737,-0.0732148700234854,-0.118743593559642,-0.0684730317774903,0.152588610848188,-0.136992689515431,-0.289793127235422,-0.00246432616657544,-0.090141521721142,-0.265951127803468,-0.0525850477842766,0.0194559494189426,-0.210885527414759,0.197625114467173,0.109441817887174,0,0.116326448181898,0.185932399609522,0.67033701662061,0.048134976227422,0.0949395002608224,0.111750032665645
"819","93592",-0.0237896893377012,0.00377322374180975,0.0200688591102255,-0.0101883728337025,-0.0472030525966473,-0.047638775770378,0.0118011567095844,-0.0370163249608333,-0.0351772391605602,-0.0217433516568213,-0.00778312951880853,-0.00455996420817393,0.00023446322092792,-0.0107619729925652,-0.0177930285910154,-0.0207938987794646,-0.0383823547900401,-0.0403110137996146,0.0911300442976183,0.00731930602897727,0,0.0471598612946459,0.0873736239155272,-0.0183392399782619,0.00843261163044035,0.0149553111257442,-0.0446209606182459
"820","93601",0.0702023953220691,-0.0848470919751913,-0.0427617187050924,0.0305365679962184,0.0394913928067502,-0.0778231617018475,0.0220688019572854,0.00421621320064833,-0.0557262618496979,0.0550109613953278,0.0262350144993969,-0.0589955066679847,0.0406116067192607,0.0303736774318044,0.00739820438879671,0.0149360097260695,-0.0167617905016743,-0.00337972622850204,-0.110345032553311,-0.0624211929239914,-0.0879396343453506,0.0521435061182708,0.027077405356009,-0.0951670905073697,0.0160922740510612,0.0191771243506508,-0.0618003050398775
"821","93602",-0.014377980181585,-0.243315158606952,-0.252746060062,0.0209372366765545,-0.106673029151987,-0.121495104300021,-0.0553992136906411,-0.0547802541627029,-0.105874292562785,0.0626705392063617,-0.108192164196334,-0.279128602060226,0.0216305872018548,0.0296768816017465,-0.0456816780508204,0.0426323057283143,0.0956729799389974,-0.00690617903514355,-0.00926726221315391,0.349626642268655,2.61764552015792,0.0452986781865806,0.529652816149095,1.47548843905003,0.0166278005877616,0.17934860592562,0.631267330546916
"822","93603",-0.0025154663097654,0.0201221996925432,0.0354387499123191,0.0221733177994555,0.0349976075656572,0.0553837423192384,0.0113654462573003,0.0174292547296073,0.0260514421769485,-0.0106391425809649,0.00968951377548176,-6.84716855669883e-05,0.026192896209239,0.0503593785422268,0.056502187265884,0.00980079359577156,0.0193757389227184,0.0234480011699214,-0.00313299657009538,0.00561406457841224,-0.00847131948460668,-0.00820104431711474,-0.0139986570020176,-0.0154941939869183,-0.0136546850871778,-0.0133529496028321,-0.0128584429912115
"823","93604",-0.0673110537740096,-0.0524240035007188,-0.0111339299825933,-0.0230464415684972,-0.0813777822770961,-0.0884869246407526,-0.00234913441452318,0.00796077110509263,-0.0233833535892221,-0.0640571809641167,-0.0561358251422757,-0.0770948357681731,-0.0118897173894815,0.00238182002069123,0.0257542281829469,0.00881470967902469,-0.0183510638617129,-0.0132685177415715,-0.0465571391882103,-0.0424440004935159,-0.0336978205570363,-0.0200627094888579,0.0164523379063326,0.15021734680853,-0.0164029251700105,-0.0262617260779491,0.0243386885809014
"824","93605",0.0600124289410418,0.14244864998313,0.0371860430707955,0.0222695930237342,0.0417968682135973,-0.00924856117035609,0.0103528823686328,0.0155549336758545,-0.0105969714673687,0.00340178660027165,0.013993095604616,0.00451168088488012,0.00613555694170506,0.0174415079920373,0.0064761486863517,0.00286325640562866,0.00633237394386739,0.00387944972492942,-0.0038159263258439,-0.00527598602297352,-0.0294574535740688,-0.00468575388991081,-0.0137401631868556,-0.0191986494135067,-0.00843177201044344,-0.00911268906224435,-0.010954915193981
"825","93606",-0.0248206418569829,-0.00675010662744034,0.00726888769707267,0.0140050564345738,0.0464486975222639,-0.0433622624445174,-0.0171653392945258,0.00604473111173532,-0.0418513107447038,0.0308678587404494,-0.0158964462922649,-0.0267825993359689,-0.00706608555962919,0.022358559362793,-0.0468882770869859,-0.000625680907800423,0.00284578969050805,-0.0497164586138072,0.0853728303739314,-0.061498317419057,0,0.0360424912878058,0.0244893150833945,-0.0990401597708512,-0.00248554942993757,-0.00108015880063525,-0.0124633557063196
"826","93608",-0.0292251482342717,-0.00224733908597584,0.0192627895154196,-0.0362151972032436,-0.0296927391824215,-0.0261731437028293,0.00800692963726279,0.0347324786053197,0.00549821596470329,0.043326406886725,-0.00210463410208136,-0.0125838435263282,0.00200208408246728,0.0423430986554675,-0.0106921315255346,-0.0210453681863798,-0.00222152289855062,-0.0222686197255925,0.339111189246491,0.365360392415849,0.454982930795297,0.117030241373936,0.090823940965186,0.114422591345516,0.0536185888318536,0.0465804208070687,0.0516380465794601
"827","93609",-0.118860884902728,0.0394709253612252,-0.0310709179366622,-0.0775907991594514,-0.0702464583513754,-0.00143324713425054,-0.063897280877604,-0.037215205520176,-0.0822037349193573,-0.0312945902949059,0.176842840549897,0.518958026228831,0.0386603264255859,0.0670692882879238,-0.00763594655646823,-0.00800279897915929,-0.00894181591156382,-0.00335949460186751,0.0467895216213724,0.033599627685963,0,0.0729483308875727,0.13602273866757,-0.0570669525948579,-0.0449415360250932,-0.00636232134110792,-0.0255078375459069
"828","93610",0.444800182608568,0.479226250369901,-0.324337142061307,0.065862944421028,0.00498377643985863,0.0287284193831375,-0.0599329154546156,-0.0558760270836511,-0.114528136801733,-0.00329115106129317,0.0960527323250192,-0.698707358402819,0.00727661231948558,-0.161256741731156,-0.148551822302696,-0.102429656737457,-0.0607276004803159,-0.0977938469147938,0.00871096192482577,-0.154519154436065,-0.0764964012777207,0.323252789707878,0.359572100657264,0.16924407902771,0.11382220686829,0.206506022657839,0.178614523055135
"829","93611",0.40924436254442,0.890700275117474,0.130588732063604,0.148212548478997,0.395112962523469,0.144941864840079,0.0987048968293562,0.263267128204686,0.168597122069277,0.258651930031603,0.472707019084467,-0.951455128461647,0.363949834058968,0.426409887556609,0.0728981260787735,0.153493225049288,0.290794042760402,0.497065583648438,0.294318796925441,0.782016930275414,2.18003843659316,0.134214707647614,0.361856020288767,0.691665921388683,0.223800803467562,-0.153835767508662,0.433895642935335
"830","93612",-0.453446787747026,-0.904041942490774,-1.03079539174703,-0.0198124586797816,0.131043570550266,0.395227597436704,-0.0767542994062199,0.117540075597017,0.246762862222936,0.247923798796422,-0.51564448775251,-0.556414043064966,0.0240755349910916,0.328830653275233,0.331448511296766,0.00692384771632213,0.347601162115975,0.473534825362955,0.140969925152565,0.369861915845908,-0.79595425722191,0.15183601827792,0.255370594574995,-0.0384281377261163,-0.118890580234262,0.100140623058837,0.361062867162879
"831","93614",-0.102206914637519,0.138269931466244,-0.180748100883061,-0.0199014608539377,0.0671434123316142,0.252630927865739,-0.0793881162514937,-0.0576919970129297,0.0206192539157044,0.142736314134796,0.0771691853664195,0.0487550225440403,0.143143534467525,0.143301183958394,-0.0470683177968121,0.0487910508963011,0.12779110337556,-0.032637321623414,-0.381179778010223,-0.448900005554161,-0.476291887127159,-0.210551266709193,-0.303895299939965,-0.256106965260443,-0.079069925841532,0.0281335579259194,-0.119751917990811
"832","93615",0.107599682099221,0.00523694190213854,0.209254916596154,0.0752413863050665,0.0299532648384703,0.168378963482851,0.0491110909548859,0.0480168691426243,0.0171358245057424,0.0465755797546729,0.00448627645802627,0.102204834574543,-0.00864460323231791,0.0389830164415879,0.0683573575357205,0.0298429270721276,0.0770008907783605,0.136109444349236,-0.117930755523048,-0.100585694418332,-0.14926357655911,-0.0942134101681742,-0.110222775029919,-0.155791614588189,-0.0527210761851167,-0.0695103516386206,-0.00548737206935404
"833","93616",0.0111712202250907,-0.00173549635968809,0.155666598192965,-0.0394275898043412,-0.0441278788473166,0.00137272643871303,-0.0297898514441316,-0.0134303543160153,-0.0357735535489024,-0.142805995924001,-0.141664059613779,-0.193994792767126,0.0260339940446434,0.0334943388202964,0.0393467716207868,0.0089532099814688,0.016274758297315,0.0148800092895014,0.0581719012612319,0.295319478679017,-0.254421817332667,0.0279293242419454,0.0817612267233787,-0.0565831410039364,0.0488328772663564,-0.0014031039287257,-0.0151977596148123
"834","93618",0.0817224744064336,0.341629583809832,0.66267919937791,0.097197837095411,0.435102862570558,0.505255219253143,0.0818036647799544,0.172812378271346,0.166367982366747,0.0792817708566315,0.40318049313371,0.678511576866103,0.0833731561292662,0.429421123912613,0.600399407925773,0.0651568396281367,0.168197468287138,0.0997945724011927,0.206022349659256,-0.803479595734695,-0.0476792399943616,0.0940378500522687,0.370814750746897,-0.218691949343461,0.191012324080884,0.338228702179429,0.488821206295821
"835","93619",-0.350286089625698,-0.555493851993227,-0.596934420642182,-0.255485679288135,-0.332928700164718,-0.614141982271771,-0.105942721634471,-0.246502533814021,-0.229121287582505,-0.271677544926016,-0.275815666902933,-0.525831421628014,-0.195235741306384,-0.392867819470522,-0.306587782590171,-0.161513692606749,-0.222977969028604,-0.357394979360231,0.318882924607318,1.08855781275974,0.924984448825469,0.402711425520018,0.675670399716889,0.830758227478377,0.304915915601913,0.312265667875984,0.462720150123452
"836","93620",0.273487289363562,0.201183752809207,-0.123746520130906,0.0714729896852676,-0.109484188203662,-0.10687822809991,-0.062254558478526,-0.0847979029934111,-0.130498005956317,-0.0709569286898486,0.00428748290700001,0.0325376995518734,-0.107114932647164,-0.148343785772923,-0.169982829764754,-0.074603645257191,-0.0917203028630326,-0.191388206032745,0.105210596221655,-0.157500935444695,1.15702591659064,0.0536361598513173,0.208538894612513,0.241459924728905,0.0087604428248768,0.181690162645858,0.333027103114859
"837","93621",0.027000177608437,-0.0334900722079759,-0.0066249811418099,-0.0101988161521482,-0.0472343418700518,-0.0449592251681349,-0.00890963396533791,-0.0181422209223383,-0.0451886345483974,-0.033874855320223,-0.0104542046012857,-0.0152650182857934,0.0155466738468601,0.0214330021277726,0.0466462970378706,-0.0120429333502829,0.0078795325242333,-0.0101055805780963,-0.0497892075716887,-0.044906613834676,-0.0344861424503886,0.0357832996072337,0.0880530811718485,0.106807502166366,0.0294233349078103,0.0504577885570049,0.0681524302307747
"838","93622",-0.172599669909011,-0.0404803231992938,0.196954156655212,-0.100294725941817,-0.200030254087093,-0.0384632038610424,0.00971815989563277,0.0100942280387272,-0.0123954606799849,0.0932551659502551,0.133362243600624,0.217436141361683,0.0307938289312769,0.0232828492784774,0.110669526187576,0.0275625402577766,0.0531967833044233,-0.0154706164411632,-0.27076774105295,-0.1609286935248,-0.215018735584119,-0.0122874000050409,0.0959955404249074,0.333365462922082,-0.00636937424085535,-0.0524339346210942,0.0428467510947812
"839","93623",0.0660755455234267,0.164544951250681,0,0.0240969005659763,0.0373510526980258,0.0763600070176047,0.0159327628619187,0.0184841582729303,0.0270477303265217,0.00175591004844853,0.0137154570505386,0.00447991697413705,0.00258243230034191,0.0165393608261363,0.00559232350593491,-0.000692040391956608,0.00474511550864433,0.00259129769699615,-0.000315250055602767,0.00755700423165272,-0.0027961603602424,-0.0115737516863792,-0.0202346251665494,-0.0162581763732273,-0.00064807935863209,-0.0185268666956706,-0.0120546018596743
"840","93624",-0.0136901094359506,0.00247416366761124,0.0167708656985506,0.0044313660700598,-0.0228249846493206,-0.023471106328401,-0.00545874185577597,-0.0197264904553115,-0.0216937317013673,-0.019510045138338,-0.0125095728416985,-0.0249303788048274,-0.015989752972617,-0.00590985598702292,-0.0191946142549508,0.00387156583077829,0.00502641604023886,-0.0199479177104845,0.0517100662177464,0.000969088904088091,0,0.00847809375119608,-0.024197526063648,-0.0341681644710522,-0.0130735070843282,0.0173433506084651,-0.0243657492787968
"841","93625",0.20228852477463,0.272868899956815,0.535269886124914,0.0219323367817029,0.0465980926490225,0.318795558769608,-0.0196329387356917,-0.0492028515350172,-0.0898473030073722,-0.122372701163931,0.109547709721257,0.384052238683889,0.0318116603336355,-0.0273754846665736,-0.0686569134500806,-0.0111704594677328,-0.0868716928101451,-0.145939553781577,0.266869687847317,0.104365018075832,0.524997465733587,0.0614918976091519,-0.00714002746404552,0.136136223130618,0.0353515642708937,0.0715567127997819,0.113848695423411
"842","93626",-0.0373529093669635,-0.0927517981442109,-0.0868188303070645,0.0425434612961765,-0.0625232637712356,-0.111324014161244,0.00439507516906544,-0.0167580437728549,-0.00375844086498057,-0.0564079406026814,0.0470217157384768,-0.123241569941648,0.0426583142978334,0.114524996859252,0.117740664076224,0.0417643259081217,0.123636855527231,0.176535468485923,0.00890092340031552,0.0643281700545516,0.248087317413853,0.0219429383124758,-0.0500357967028883,0.00398407228526664,0.00471921341520959,0.0241266667631304,-0.0632747077378
"843","93627",-0.00951291469107174,0.00287275821147953,0.0161307447977887,-0.00748925477985746,-0.0150584682422468,-0.0196053624900217,-0.0047344196248889,-0.0108607508807375,-0.0155030665278849,-0.0250047827547217,-0.0261635520293616,-0.0373567832990556,-0.0116246038218527,-0.00549361343829413,-0.02245595337654,-0.0133803216634588,-0.01414942892744,-0.0219224035036419,0.0579503946120199,-0.00178457587473404,0,0.0195115705527959,-0.0118126068712582,-0.0119572574788031,-0.00141037104967782,-0.0157419898353512,-0.0115518181075391
"844","93628",-0.000322563198406377,0.016245446069074,0.0315119262502126,-0.00314058813535002,-0.00860885182169325,-0.01190685096046,0.0157688214233743,0.0195283105432229,-0.00882828223069827,-0.00028978439619267,0.010449954410783,0.00108948814814397,0.00182638681401575,0.0122092398831897,0.000166781106803102,0.0127873354953276,0.0029472608308204,0.000188852127489672,-0.00293183404085203,0.00335025840013805,-0.00530301589443184,-0.00554636782320562,-0.0112475802027554,-0.0137154979705512,-0.0101496073393739,-0.0106848382269605,-0.0122304757166253
"845","93630",0.128921644027688,0.340156013665063,0.232216248505868,-0.0903268586016078,0.000873124327843687,0.118634315001665,-0.0707280865590593,-0.0517325799756102,-0.0327563747786019,0.106676409024426,0.11790728059942,-0.0467802747710449,-0.049478840003196,0.0434256923993925,0.162490304746905,-0.0991176687100505,-0.00884568229986833,-0.0153227730063191,0.0724799019667026,-0.241728944364334,0,-0.0109631686317978,0.0897810251927433,-0.434536582612876,0.0117190172372402,0.0603119169568626,0.0298081569152272
"846","93631",0.196762204281035,0.485830228414154,1.30626139877478,0.0977134766953445,0.310076787311674,0.505921669565842,0.071494871855025,0.178996337095888,0.199221506158576,0.0415939423019238,-0.0141105175446986,0.623248746986284,0.0239471627256811,0.155897628747413,0.482097179124556,0.143044423892001,0.197312624920583,0.343159939520635,0.341015744548737,0.320036454906114,1.55609056955342,0.0967546767238674,-0.0575923904011251,0.434361572100521,0.0408839168211391,0.107030626945742,0.123530347415541
"847","93633",0.0647478635972216,0.187751130182243,0.00286264215468401,0.0229261976871156,0.0440129284580257,0.0743226493399555,0.0157352129454112,0.0211561278089977,0.0321196333105313,-0.00775479317021656,0.00837682898351452,-0.0015942772093075,0.0213780596156165,0.055119215755296,-0.00802712455490453,0.00903296579073742,0.0202129778322679,0.0267645584038446,0.00299102828797468,0.0100757304576029,-0.00253286258297432,-0.00497356457242419,-0.0116103096594578,-0.0118799495147941,-0.00835175136558914,-0.00827550907371252,-0.00913346319092938
"848","93634",0.00418473529873883,0.0223861176593906,0.0379548385407206,0.00133455608405503,-0.00380174992699471,-0.00680909738439336,0.0053595113298451,9.31977144238525e-05,-0.00219304130937744,0.00357764625681926,0.0142727234109575,0.00503815509994976,0.00629601580956022,0.0177092286407366,0.00684635756087452,0.00362244573377046,0.00684255988755439,0.00408355695739038,0.00357965820865899,0.0103780372189997,-0.00258073490611397,-0.000824943400880508,-0.00806113535405756,-0.011403198135673,-0.00537938234186967,-0.00627637759165918,-0.00847792202564794
"849","93635",0.23112480448415,-0.0750028955926399,-0.036382537093719,-0.0924930143632876,-0.291757989808386,-0.282782391619899,-0.113166292954851,-0.0329167515319957,-0.079487494973614,-0.252487024614128,0.147058875182996,0.20458813193513,-0.119921788728603,0.255449997143269,0.0847083233422739,0.0578982683995099,0.0330430453548365,0.155740906454011,-0.218590936970084,-1.31948188878615,-1.94785560512549,0.174848934652965,0.320174705944738,0.0521532175529054,0.121599182844772,0.125788839925163,0.458797887090754
"850","93636",-0.0786862933610085,-0.110518333860082,-0.215151257943965,-0.0940409736383545,-0.0828741094615404,0.0243680414163964,-0.0894367553637292,-0.11045561677434,-0.103871909945476,-0.0501412231546745,0.104750908122538,-0.11219926833383,-0.108624492447472,-0.113351769189998,-0.0564277051938858,-0.084120777086813,-0.155019062140954,-0.18831938562284,-0.0919000256614382,0.15825229704705,-0.434351215763342,-0.135054119039998,-0.101351675830921,-0.0115844280227579,-0.175821257659231,-0.2035061064108,-0.111573361133263
"851","93637",-0.832828625085293,-0.751197477094744,-0.631964522277969,-0.240012074963029,-0.118586511133509,-0.383268530502792,0.0505245661458757,0.0221986931094772,-0.0351204936896582,-0.0744579916999763,0.193810089966408,-0.116666482956214,0.0331595575737781,-0.0423711858809015,-0.1638546101763,0.0572593949086418,0.0489855961743078,0.18056141157507,-0.527845827583995,-0.398908628818051,0,-0.00432292548658186,0.591150683394938,0.917132618945125,-0.22869214646379,-0.213864281224415,0.144192834336257
"852","93638",0.345707705887472,0.414866421895454,0.632502001635247,0.130046045453532,0.213413300093568,0.215660225322475,0.0509930330247752,0.0764436641366426,0.236207919420154,-0.38337436257959,-0.839331119590703,-1.22523730168275,0.187000125148345,-0.127981606287048,-0.275798460363308,-0.0122921139232672,-0.120332976362629,-0.140020802829781,0.0223828574754562,-1.78523971720443,0,0.243379031855385,0.635621795099324,0.252639447807802,0.0138961358769906,0.4133935902261,0.743315868861362
"853","93640",0.0294656732791699,-0.0210862488399809,0.147250436764729,0.0094771395510387,-0.0115837936298815,-0.0012948839454238,-0.0246702919773645,-0.0286840910646588,-0.0995983945640646,0.237354617446431,0.251790533759704,0.381269401006883,0.0231277376035882,-0.0115138556638236,-0.156302271220798,-0.0205135127111878,-0.0209385168280341,-0.0768323004481909,0.267567508779171,0.112612384140463,-0.53801576680941,0.0867270046899937,0.166843542583594,0.0204786333150303,0.0671087503408755,0.160382440539493,0.140181387969697
"854","93641",0.0492982942118495,0.0129910113373788,0.0281911395616447,0.0137061409706969,-0.0253085441401381,-0.0243242738027432,0.0190534655209049,0.00677077917719452,-0.0242706610055636,0.0566957849379965,-0.0292922679737394,-0.0326406115196891,0.0183249586250051,-0.00928222742552462,-0.0156751252402937,0.00131286863397015,0.0139899932296352,0.0212193387182241,-0.00352532351164176,0.00857080640627538,-0.00923365746038014,-0.0112657370256779,-0.0140598250349337,-0.0190490614158412,-0.0183723061740346,-0.0173401510959811,-0.0171605618593363
"855","93643",-0.0426544278037129,-0.231584718914956,-0.193004862060145,-0.055642487242684,-0.209181721245039,-0.199485616294274,0.0199957849197489,0.0444281454934448,0.16979462377876,-0.0113944646220047,0.0161062300892589,-0.158728894944578,-0.0686852918268897,-0.00609509306744713,-0.139781134134794,-0.0510550052019884,-0.071881559072627,-0.102828550924554,0.148039837609471,0.169207101668967,0.864776606035007,-0.00662820864717735,0.0297165328230606,0.0264626946024147,0.0213700773370874,0.111332143206366,0.207632041206635
"856","93644",-0.147782184011072,-0.420762899918064,-0.232095890336816,-0.0465569534528213,-0.22322715098174,-0.125117886734582,-0.0112048390546757,-0.159189511472112,-0.170213422587301,0.117652361158596,0.279143454484242,0.08859938501363,-0.0223788516113276,0.0478744869567162,-0.0791895867639084,-0.0702549144437629,0.0209419940558394,-0.0245583876405348,0.0289421765786087,0.128450740441075,0.0220694704444275,0.100145963481471,0.0796641378953297,0.328095193703156,-0.0349827569767767,0.0697754802501576,0.163064873966123
"857","93645",0.0455995942035551,-0.00566593920590463,0.000767933495050983,0.00384353326035036,0.0202548630477168,-0.0364513434018518,-0.0031641658044438,0.000707605793825532,-0.0316042366978985,-0.0212691165330082,-0.0141910099036121,-0.0316624009482988,-0.0193374680381379,-0.00723625657936701,-0.0202612516459751,-0.0223918790202959,-0.0160907415124141,-0.0178183783704755,-0.0546649038426208,-0.053578897559466,-0.0702117416306644,-0.0539603607119323,-0.067804007518856,-0.0902040239624411,-0.0268890608160213,-0.0685350209550157,-0.0711396109564128
"858","93646",-0.265319396253646,-0.334645819433699,-0.29789279165743,-0.204712553688342,-0.0869654386691858,-0.120980629068054,-0.121014985094287,-0.102793318888297,-0.0688344586542914,-0.143317248102634,-0.170211248816327,-0.323166085159635,-0.129061936015378,-0.093397656589847,-0.183930445358274,-0.101180130265739,-0.0921407278392206,-0.125388112938195,-0.279970142593346,-0.295800015665403,-0.347891502595523,-0.163649212930254,-0.255854890217943,-0.410858735213773,-0.0855648184541104,-0.19667559237328,-0.133855203628865
"859","93647",0.512701588483205,0.548669148170175,0.806857070899831,0.0630337773806899,-0.0485873898487797,0.0478894024980267,0.103080131523537,0.00925860370583353,-0.0635529119862569,0.0775844179560336,0.142222814620405,0.534572290598224,0.177279652741967,-0.0464566179324335,-0.0224898418555277,0.137089092267348,-0.0309783845060416,0.0204831858559492,-0.276870331115069,-0.296151153851005,-0.324268745707236,-0.187479198476742,-0.399722074592592,-0.396806963903966,-0.0663904109420613,-0.252747407764001,-0.212780410959326
"860","93648",-0.010197838070301,0.0569709743491734,0.119332121840565,0.102354058663877,0.0225962928908132,0.0535998092403699,-0.0241852478259225,-0.0364813988765888,0.03278738490448,0.319240993040218,0.379322220351402,0.486052583845264,0.0148742726101042,-0.0613634881623426,0.135524592338321,-0.0090585837789077,-0.04289053481977,-0.149081824662954,0.241262190278687,0.337414224210865,0.0965064663062806,0.155824110480661,0.0633908220988988,-0.21800978498242,0.0125642984932351,-0.1042878880803,-0.162370678211205
"861","93650",0.199659162181246,0.268732121260298,0.172094061268095,0.084740175879545,0.144327915004226,0.0437530924094671,0.0452088489898226,0.0519358391981183,0.121526697839497,0.105865830004718,0.0547752973778265,-0.0643429699697786,0.0766486723054432,0.00630653645141787,0.15342339090755,-0.00185719639954348,-0.000188738574068061,-0.064943223524441,0.444319931068813,0.533207195296369,0.681658505324656,0.113476106253708,0.403505042534827,0.507320459908603,0.124438610693994,0.204107599781603,0.105835217213543
"862","93651",0.0470188981059224,0.058893921322063,0.194325363272033,0.0594184524728534,0.112913465362747,0.124895221406221,0.0463941302775819,0.0731057802592585,0.0818059605091251,0.0969628105875704,0.152413132354821,0.261539381630204,0.142567307768917,0.234394362374169,0.159454508629468,0.0473222787799308,0.130179991397354,0.118241295738353,0.0596579731681073,0.116728660900598,0.428726508213482,0.0249795302593738,-0.0121993247772695,0.0811488967579853,0.00484162344692265,0.0110858547513511,-0.0123123181749533
"863","93652",-0.0170984536775567,0.00131935625329353,0.0154947914150824,-0.0253509838283525,-0.0304316617060751,-0.0294456437265109,-0.0322900900538365,-0.0355096488171584,-0.0396652664894264,-0.00965327730652561,0.00449458574246536,-0.000501465574623035,-0.0152336827675566,-0.00230050459108248,-0.0107946152424841,-0.0290961419550679,-0.0233497774495529,-0.0224117978180502,0.0969543215870566,0.182193124404638,0,0.052673585107515,0.029383850681789,-0.0285400288231646,0.0202416159011972,0.050893587649911,0.0772427576188212
"864","93653",0.0270347884565029,-0.0259233431041784,0.0086592872208669,0.00254894699228383,-0.0181141823958115,0.0182419233399806,0.00923670332831928,0.0382397173627354,0.00746689815446837,0.00638031285575576,0.0511969488960788,0.10851062508647,0.029873826854243,-0.00177962019491038,0.0133340399909261,0.0302075247583627,0.017335632010321,-0.0198441355785235,0.00608343973070617,-0.0334583384909749,-0.0449878151070103,0.0171588778069113,-0.00257507547830031,-0.0648299827585855,0.00139632497258985,-0.0401361329222804,-0.0688730434820258
"865","93654",0.316814862297239,0.0671463986868669,-0.00353501298981332,0.167742246060039,0.400950947320008,0.208400859586741,0.269415096201569,0.262364794469218,0.307864324751181,0.121123905699521,0.315660524559499,-0.0621734812618128,0.0537050907007656,0.171225551155112,0.348774226602633,0.00692969109825004,-0.142358910237338,-0.0492046140855756,0.411623087181846,-0.165675663871349,-0.350163899594206,0.357198192679772,-0.0545941330120638,-0.256233960716494,0.121930269750711,0.0887431412053046,-0.0767495481720791
"866","93656",0.133334198783791,-0.0403639409034116,0.101029670824616,0.207868838683959,0.118650610268026,-0.0293021065353274,0.104407741036324,0.161368602608287,0.0766682583263192,0.04631473808739,0.130964128294478,0.283868422717442,0.0482540768706771,0.0713494669840037,0.168414930912945,0.0129097553547719,0.0348863905194151,0.0646736279830944,-0.125983022630014,-0.0175305119268785,0,0.00295764563543143,0.118201680944254,-0.1340716998194,0.0491023039578292,0.047711201587571,0.0229939231368279
"867","93657",0.229868160794445,0.0729596219396578,0.168122381956249,-0.0220998679843715,0.118843208398096,0.0563270660627999,-0.0527610185564043,0.0763651177463467,-0.0253377345162381,0.303336120156676,0.0691211410814159,-0.210081774990244,-0.0757227165728591,0.044626507555597,-0.0418458498996286,-0.0702107938627094,-0.0606512093722588,-0.0683895730795538,0.183552353328316,0.0655446791569516,0.140309461946807,-0.204241118975929,0.138402240696497,-0.796562178548179,-0.135894114027884,-0.109994988044192,-0.417910768349437
"868","93660",-0.0544403491713168,-0.108404092177177,-0.103080851746213,-0.0429799257053259,-0.01988378767074,-0.0362875483463364,-0.0198540879349664,-0.0111575838019154,-0.0247207614605705,-0.0473898662706316,-0.0934323731779138,-0.106310767171278,-0.0634024067666031,-0.0710521108795423,-0.133643796975855,-0.0545983623854884,-0.0202776998088999,-0.0369251440826317,-0.0355682723906226,-0.117685950624719,0,-0.0167867038363787,-0.0482255331094799,-0.15479000191771,-0.0594138947196579,-0.0544270660634686,-0.0441008058400677
"869","93662",-0.284584387352751,0.348648215422117,0.895460532684555,-0.299175166913938,-0.214166699354373,-0.0546894892104806,-0.0674750307065661,-0.170655505020583,0.226471822602901,-0.0975673755576119,0.403054081319888,0.324356172425383,-0.114840517094012,0.0761669380163684,-0.097387930760331,-0.266089543703041,-0.201921695003743,-0.104747100425138,-0.366687599780589,0.887890632693019,1.33599218349865,-0.158335097203829,-0.315175126177343,0.137864349711775,-0.0583603153395791,0.0797638482950456,0.385614692422198
"870","93664",-0.0288248708882603,-0.012270735542134,-0.0056021971726291,-0.0153983694778198,0.00260455827164277,0.025651554269622,0.0345718010262473,0.0227171175617217,-0.0214483945916299,0.163167853161017,0.0940632907675135,0.469824774025377,0.0487464042847089,0.105049177031151,0.00236148616297147,0.00305651263748136,0.0264438923667773,0.00944052644062255,0.0298839049695233,-0.00159646478915184,-0.0188529744050996,0.0168758860358419,0.0232639489177002,-0.027841350112432,-0.00753523182583405,-0.0157948446767488,-0.0346917481022067
"871","93665",0.140810836615038,0.123576267167658,0.262164730830084,0.028825884863497,0.0095057066090816,0.0771005779427796,0.0540474419394498,0.0471345862754804,0.0571214325125492,0.0962027269035291,0.115960337670436,0.181997697641848,0.0675464799592371,0.0185328988228345,0.0396142055028667,0.0801575214582267,0.106131834520564,0.0220034716655201,-0.0320211471668983,-0.00795280959822321,-0.0112819600015919,-0.00845503144622233,0.0289705440524088,-0.040415685148016,-0.0130079894038585,-0.0100090708432274,-0.0358797161449665
"872","93666",-0.0264476414042623,-0.00115573909868941,0.0145294388550843,-0.0176809516113924,0.00827725147380003,0.0448166273505547,0.051346349620988,0.0121468162323684,0.0456287286073961,0.0304278965674845,-0.013718343838045,-0.0188854054763896,-0.0110480348528352,0.0214109429503693,-0.0439715757988653,-0.00476855195939904,0.000871533795219711,0.0224087452146251,0.103003369305402,0.233022164299825,-0.0876777369170389,0.0253960467606688,0.102765490688863,0.161388816383855,0.00217902841636461,0.0221497541290913,0.0209479188204412
"873","93667",0.0830314345054985,0.140155012814656,-0.101415953043748,-0.0473884689494492,-0.00928853330015646,-0.0144830602026773,-0.0184852638965421,-0.0164557380823242,0.0273096202919258,0.02265766214428,0.00527845279583889,-0.124519072266175,0.00614826419597362,-0.0158007363182622,-0.0601574223869113,0.00256538673505852,0.0553047898206335,0.0583974156445783,0.0892134812549758,0.31800441055623,-0.190873056038979,0.0298892493161555,0.16576206380164,0.150904791792004,0.0625415930647184,0.0709880938670971,0.189723661959375
"874","93668",0.12910637505811,0.0833814577746231,0.140525156952275,0.0373400802781531,0.0776494229415997,0.157018481029236,0.0482319784845965,0.0446382004363249,0.0888487439596002,-0.0817882268900556,-0.0921496666874868,-0.117889241174419,0.0488563179667047,0.0469185648914702,0.0889675805521708,0.0228059237498242,0.0774324965307522,0.0789670721806063,-0.0616144053187296,-0.0558440309151475,0,-0.0302922321421833,-0.0238344423788324,0.0205852687804585,-0.00285556618410624,-0.0189357658268934,-0.00455183277826882
"875","93669",-0.00623391525865129,0.00663492082997593,0.0109281158594912,-0.015212199478624,-0.0286155525986772,-0.0373636749301139,-0.0205433940903768,-0.0255831575496954,-0.0283081952267626,0.0010656304981561,0.0124605908215959,0.00406677309749733,0.00236210517840986,0.0160143097753891,0.00616329611633242,-0.00189138612489986,0.00268831841637566,0.00203115612392347,-0.000127806943929586,0.0102195705449756,-0.00414855348893754,-0.00425591704312208,-0.0105704178368859,-0.0154952417281625,-0.0101975275456082,-0.0102259860421081,-0.0135426841664503
"876","93673",0.100077609035598,0.0868421628731407,0.303102939725445,0.0409883282683965,0.0470552661509237,0.0317458201694525,0.00940838078739212,0.0325961460855815,0.0359047102545,0.101686358079117,0.390357817715751,0.239998559393544,0.0130412908892025,0.0672020397831097,0.12275165184252,-0.00323604527660824,0.0295531141351606,0.0302118026943023,-0.0237502469594243,-0.0158253074099939,-0.0292560325272043,-0.0405194617788913,-0.0431703224925539,-0.0363514261928612,-0.0230120448813755,-0.0575749889597621,-0.064452965616829
"877","93675",-0.00194705739664822,0.149917824256533,0.041578061551335,0.0316269589516376,0.0890496314253327,-0.0100711760348992,-0.0171566699786328,-0.0362668804249558,-0.0141879257275637,0.0798225877968521,-0.0649208222961368,-0.142114108477184,-0.0171253412791617,-0.0304906064925238,-0.0613306028316019,-0.0105635461311252,-0.0448882755382261,-0.0182745392751439,0.22974799350272,0.143030065869864,-0.399533880779525,0.0669063404868758,0.019393987191228,0.150989580852235,0.059740140376258,-0.0914913011868207,-0.00721738926831484
"878","93701",-0.175054874117494,-0.282742251768004,-0.44619345579337,-0.00533138084844994,0.0200425410767256,0.100360256397468,-0.100244125044185,-0.0739535852119168,-0.198874158208208,-0.297419444956646,-0.0431798974485211,0.00239310653439984,-0.135470635278377,-0.0415534222700509,-0.161238054995986,-0.167791103569683,-0.250988004147665,-0.157907662260637,-0.109700919884532,0.943895960729201,1.01811255935994,0.0276219034622149,-0.0532991620121384,-0.144117560529338,0.0409449671084759,0.117548827375209,0.0559217815921828
"879","93702",0.522497709908297,0.585671379916853,1.13570153996653,-0.155581499314044,0.275656284449273,0.392910629083759,-0.104072464453433,0.0400539087769098,0.184244621183369,0.312690287691997,0.761240139614971,1.14883095590127,-0.237171933746581,0.000164428368697748,0.264927537654559,-0.0426799659303278,-0.345178479827185,-0.41073859592785,0.141738021669301,-0.879850018094186,-0.827247179296864,-0.120237855816912,0.522353939091872,0.157228958075851,-0.373537582485612,-0.154093539428385,-0.0194151846701057
"880","93703",-0.127088378046027,-0.559817187215736,-0.733925918455754,-0.216759879056576,-0.222555393982923,-0.467133109645993,-0.0117130919620613,-0.0799269168350858,-0.171935014318859,-0.164833709173118,-0.345216401577579,-0.716643517460873,-0.154081410880619,-0.363469794761852,-0.308167756962346,0.00124616734197298,-0.18830797097413,-0.16049156342833,0.434009587302068,0.00350271229240794,-1.63473597063783,0.383170674421305,0.286600202694839,-1.07750154201185,0.388215615532107,0.463633068967109,0.014406655438234
"881","93704",0.0592480110513861,0.0980489800332137,0.504617030476054,-0.0546948219050115,-0.0848617069157232,-0.566410907248143,0.0195437399978418,0.0833050200738053,0.0804573852464244,0.459317402956649,0.182346998751125,0.61318354011976,0.162042858596558,0.164147086892732,0.336946625562233,0.0296961849420319,0.111370521633623,0.200542134138315,0.229110645758894,-0.0873659310145025,-0.772254203926398,0.205916392405484,-0.472882707646617,-0.826773632093762,0.10814913873611,0.197283100195234,0.000882349626694526
"882","93705",-0.187672459705045,0.236795816313307,0.439723470931282,0.144659368279792,0.359761410512481,0.130340762379581,0.0220602491665404,-0.0209777710678789,0.0305231448573615,-0.506714421061069,-0.11680523349103,0.846183325653214,0.251387181148622,0.223243839379039,-0.216173280271371,0.0319377104224487,-0.0334109520442614,0.0860287948629785,0.511051842128527,0.924123966084902,0,0.20279189794941,0.383687953950077,0.0372585592412638,0.132566381771784,0.293010270293261,0.240875387148574
"883","93706",0.45234788239262,0.290760416663627,0.0890825926321427,0.062653064521105,-0.0545665888715815,0.00402632637441395,-0.0105199417205751,-0.0639768495747723,0.0967578972913171,0.647315474741617,0.758844495206875,0.821911697317196,-0.0894369283475514,-0.0575304217866866,0.371548423704088,-0.123056753573081,-0.164847354374703,-0.33258250639221,-0.304757732765333,-0.740758938567163,0,-0.0928438383728873,-0.185744008018467,1.0785910891997,-0.0440679274903132,-0.0787700245799574,-0.201324750429273
"884","93710",-0.403278232521903,-0.711534552535331,-0.417269088826064,0.000839895326722541,-0.184212260877744,0.13641153092729,0.234492404314394,0.136454472572764,0.15055671208392,-0.148141761975589,-0.43937607358483,0.387415444707073,-0.147604083972337,-0.0391978033214608,0.243141761208144,-0.0895892633475709,-0.0613004369998621,-0.0782207104873553,-0.4251694439454,-0.65549006271437,-0.268603925646856,-0.3608370628315,-0.058353072199957,-0.275398789108608,-0.212510693500377,0.178596460086683,0.366510183273262
"885","93711",0.770187250905748,1.12960291732355,0.590333448180095,0.0647584969801188,0.263978010120324,0.365093431934658,0.0379664633587656,0.0400340304309686,-0.069654770869976,0.723370314214876,0.668196637862788,0.861388158375832,0.475827510207404,0.459869000670132,0.693257867650118,0.206015465582502,0.259711641825209,0.239220393397486,-0.458624112917461,-0.558812768705517,-1.50613896074489,-0.285858120791642,-0.190596159813769,-0.223913153519926,-0.212263087629603,-0.0685368256857672,-0.0892616554118181
"886","93720",-0.319385920610919,-0.308172218382299,-0.125949275368285,0.11540040644637,0.0748869521071033,-0.144783571804711,-0.0138779292704718,0.0485390139201466,-0.0759940986535188,0.136141481984284,0.525837469217046,0.7701401951717,0.0678411236344339,0.172198292515432,0.124962278376147,0.0302174986103589,0.149504279543922,0.110301682798536,-0.370418757965975,-1.05916031978658,-2.26908747140586,0.00648553499529085,-0.558610546426004,0.0311544491151702,-0.237616324913644,-0.397342661824583,-0.0440525173338746
"887","93721",-0.0936000993094242,-0.340346160321652,-0.104411956548552,-0.123780755263953,-0.0810507523446671,-0.00816603756729415,-0.0145381288810129,-0.0186680809343182,-0.0178628596483412,-0.390771698943391,-0.339887481524496,-0.271046514000924,-0.0542540228729474,-0.0956931128159333,-0.120467457211625,0.0845661775605952,-0.0317353670580525,-0.0774975406213107,-0.111540584870211,0.227917941188961,-0.877182469438092,0.116474544306145,0.262159543419458,0.588291156386936,0.192469751502537,-0.0863929708684031,0.291610211259612
"888","93722",-0.190852443044552,-0.524547137167107,-0.679681203537326,-0.102656057633352,0.240191478535049,0.15154237375652,-0.148112218118613,0.0194660210509177,-0.0939282657450647,-0.31324718348782,0.0724081575129151,-0.475581944336392,-0.155371426482561,-0.306822342180253,-0.265298004146023,0.0161806047605697,-0.0504111582108266,-0.235831453047246,-0.268015529985846,-0.950323407039539,0,-0.00382499851562104,-0.34551815893415,-1.06087613023464,-0.0855030131976542,-0.0687541338445278,-0.43188452959386
"889","93723",-0.0635376581601952,0.00911472856344469,0.0825722173596077,0.054925741783104,-0.0632516470499279,-0.0557724235014767,0.024276399122321,0.028329615121192,0.00171024309734677,-0.0431631025552227,-0.0323540811321499,-0.045796804781227,0.0443375030508892,-0.0429867676426822,-0.051791107920386,0.0980527644665311,0.0869576611949325,-0.000248350878244039,-0.100272635584919,0.029049755155901,0.277602834463255,-0.0273029352881425,0.00272533436794894,0.0882150225891386,0.0160888196347063,0.0581717402783625,0.0667845172608294
"890","93725",-0.209152512196357,0.256189769772953,0.388144650058436,-0.106223129993652,-0.0413685721867161,0.285737356135518,-0.0226922619552112,0.0145419649850779,0.262377662984531,0.429696179784836,1.04259934769706,0.500677184955769,0.041496694569475,0.335597431431938,0.476990137049628,-0.0561736137873173,0.0442094193153385,0.0458373858792974,0.463746986074829,0.465776483419449,2.20378762521317,0.383674299201247,0.160146944850939,0.0656526893433303,0.242849600921293,0.211420036358165,0.495285155449613
"891","93726",-0.536195103629255,-0.561840650480456,-0.200419235748524,-0.331930394790367,-0.50651923978792,0.0514101930596024,0.0742962720913133,0.12908114426716,0.0406337261187001,-0.0506576649204084,0.0880945611039623,-0.774006849186916,0.0888617968545937,0.0643072950056418,0.424630523246715,0.15327500868718,0.0881521836342597,-0.00552729084798292,0.559077621709205,0.426191935786662,0.511950736425452,0.495982032469536,0.739201728263253,0.309558233441511,0.301682690186521,0.444771683828712,0.276690471359193
"892","93727",-0.348604604582546,-0.238638915061252,-1.12744842917831,0.140319767859933,0.191155673276783,0.533162773053666,-0.0645635741780959,0.0550215103739936,0.207541843294897,-0.359742281087334,-0.246510679435398,-0.584585678064175,-0.107999243591758,-0.261061732686584,-0.517044436070648,0.0586903056228098,-0.146893188677955,-0.35421693129089,-0.454432752083374,0.0706552670166982,-0.157737760454785,-0.199975451909186,0.0750576857810362,-0.127415503795541,0.117825515610422,0.0154634830127487,-0.503833664639671
"893","93728",-0.0404075632027596,0.570946379077669,0.898043491437545,0.0401789215856357,0.340879652676961,0.545240276956503,-0.042655828600807,-0.0687401603017613,-0.198195881176474,0.360479299288026,-0.279498775326512,-0.397858546728999,0.0279655603768521,-0.148038060847831,-0.332555261023004,-0.0771716459855271,-0.12888432499617,-0.22655074544732,-0.0633088388034192,-0.187508659961021,0,0.0714784036673638,-0.0774475341273635,-0.71803005306099,-0.0273496027863113,-0.160690217380772,0.0102559010684046
"894","93730",0.0100562017834423,0.0441526668136997,-0.0398880087386706,0.0151785631220235,-0.0518932787820552,-0.0417295963717238,-0.030077465222519,-0.0338354324155823,-0.106474327226819,0.00213317429824827,0.00244384926114453,-0.0608306318456633,0.00607952066660755,-0.0134068044975265,-0.0887561765826829,-0.0213664553661538,-0.0235645652700681,-0.0870463116045082,0.21025368294657,0.215901661519898,-0.42813122210833,0.0898001682853489,0.0515240276442445,0.0282593984140373,0.00670129172127877,0.11109591900059,0.13821702738294
"895","93901",0.110039364685994,1.50092530841626,2.08227105762406,-0.0394404957529888,0.607805279250041,0.637212153416153,-0.00811230585048927,0.0151990043207657,0.416151287055502,0.0993023807978644,-0.739967174205927,0,-0.142254862685279,0.215841533867614,0.372777392068872,0.0482589556937509,0.228797656129299,0.346351289520107,-0.252518681373386,-1.92643572013521,0,-0.0780949398236559,-0.286884483653096,1.79656409244797,0.0452164718775353,-0.229678960775145,0.915652423323319
"896","93905",0.160725453709791,-0.598904258808308,1.36849241197152,0.541285538144792,0.294789069746528,-0.737578675311739,0.123806519441147,-0.0286856840381774,-0.481772517889455,0.269966950675004,0.810560479351344,0,-0.200917262092695,-0.569335410527679,-1.2849276803325,-0.208820512802366,-0.293266259027759,-0.515060372484206,-0.22515993649694,-1.70922018886277,0,-0.0917645520399932,1.14666803757875,0,-0.0671039647502419,0.544990534013857,0
"897","93906",0.218072043904217,0.462853424669784,-1.217249979479,0.0793997381579508,-0.143386749350165,-0.381958528662721,0.153061852969642,0.129033105076982,-0.132612002550362,-0.127413793508531,-1.2325431918421,0,-0.158476120287459,0.59895725864944,2.59377539793618,-0.337109617262039,-0.30830472628469,0.241390173580394,-0.436257878427483,-1.99890458451301,0,-0.275865895166711,0.564043697969991,-1.54886016883418,-0.16364093683788,0.286226767813696,0.0759909973808636
"898","93907",-0.127319170992735,-0.373702513439426,-0.766842652510965,0.110008691061665,0.108035205167023,-0.17698752119156,0.14619755536934,0.290209038003736,0.11436595118214,-0.220360292665387,-0.484869835549236,-1.28936868803072,-0.210125103625833,-0.381477721971836,-0.424696104732418,-0.104591435388974,-0.160716618505704,0.136113893561329,0.124489350905214,1.25084091303996,0,-0.0372133625451361,0.225735991463969,-0.0940856061531612,0.0653907209925353,-0.0580255634404177,0.329637098883116
"899","93908",-0.204406892298314,0.0266999036382518,0.353723087225933,0.211942490421359,0.103891410260904,0.0581023096712855,0.0432485171788813,0.0525636688436952,0.105845646279437,0.427989605417317,0.753223003381083,0.16644094202651,0.067394171111444,0.0605255162967909,-0.0657523727804103,-0.106228916696883,-0.0180253337173216,0.0179453063814344,-0.170661167272882,-0.380904728377367,0,-0.164196188496607,-0.184576580916364,0,-0.124863318885504,-0.0188301467080628,0.520531278147864
"900","93920",0.0102468969561461,-0.0234930703123739,0.00538146697269183,0.125157300041201,-0.0567207706222152,-0.0313734797458996,0.0670474858037316,-0.0144817465929291,-0.0325807736654541,0.00338673483523825,-0.0379388226911217,-0.0465494642976113,-0.0252198155627375,-0.0487005250048622,-0.0742275701170769,0.000237966450580182,-0.0192276762271667,-0.0607862953847098,0.0762651930270269,-0.0769977380392304,0,0.00764296758933387,-0.0960977822211332,0,0.0326827063288765,0.100611678662715,0.477482265491465
"901","93921",0.0190787432207127,-0.169894615038664,0.229795486864275,0.0493249283317854,0.112909913884338,0.103986133842847,-0.0364588644418086,-0.0644765194329157,-0.0766710868865937,0.21056878241915,-0.32996166409712,0,0.0550166457830382,-0.20095240580909,-0.0787342082527297,-0.0377171621865077,-0.0640254870351809,0.0999774560140465,0.000243046966756275,0,0,-0.0333931230615555,-0.119761116394081,0,0.0897274382731067,-0.0201905102790048,0.237403594883161
"902","93923",-0.0291773100115668,-0.0616126960942579,-0.00231102158672474,-0.0148761543886303,-0.189491145067686,-0.352161645532269,0.0108550917876894,-0.154133937529119,0.0272110773223259,0.0862057858646783,-0.228140411078608,0,0.0832076084711164,0.192273725458366,0.0292888356710314,0.120495084060534,0.106928112031545,0.00135617867503183,-0.186124000532943,0,0,-0.028375697804698,-0.037307437349287,0,-0.089842217188657,0.135480050202499,-0.426289639693461
"903","93924",-0.117808779749407,-0.166331509210887,-0.128793514753456,-0.102586489509754,-0.0951314003492529,-0.232080537919267,-0.0939529550659299,-0.13841992349519,-0.189245985957785,-0.128950012447892,0.0351910068947694,-0.151051475956009,-0.0384764608554586,-0.0475009707635503,-0.142369799431313,-0.0288367030389214,-0.136113764212847,-0.135575906317698,-0.079033264859037,-0.247553417485046,0,0.0677318760346453,-0.32718116071161,-0.28760554763092,0.0673497542023387,-0.103591844444733,0.0794362428283322
"904","93925",-0.0571741061219998,-0.0232723656030486,0.0244719299838194,-0.038970396627611,0.0158333408487429,0.0863198470275066,-0.0265380614241727,0.0276159151423716,0.0977058530102718,-0.045403756247637,-0.0133885636743169,-0.0229266583806293,-0.0132725115681047,0.0536772248169429,-0.0291438840323955,0.0216894298265462,-0.00106033659749414,0.0377426550635478,-0.0409314568387929,-0.0440101345638028,0,-0.0514070987436986,-0.0331377996631424,0,-0.0400560295851805,-0.0566906590382784,0
"905","93926",0.0521745029542921,0.336213601388615,-0.512749793444901,-0.0667196761077705,0.0183777823041982,-0.0332342454847655,0.0153808294452404,0.0189678412390633,0.0279628741471023,-0.0312792026136362,-0.264270417600478,-0.174629512685665,0.0641049635376738,0.114817083219562,-0.259980284487846,-0.00533448159958366,0.0988824757715232,-0.00542358381498476,-0.0863181583342289,1.60382992439712,0,0.0434469530308784,0.440979026547481,0,0.0920331068809895,0.117483858938004,-0.191680452711408
"906","93927",0.607438281564969,0.391676688439233,0.206391893313442,0.358859436224568,0.667669798073906,0.510212000454439,0.192516222838064,0.239769498684195,0.328927636382641,-0.188479857745877,-0.30805897931564,-0.210822731565671,-0.084026117193477,-0.256129132094062,-0.309445230418992,-0.0593598738002196,-0.198517379422926,-0.283879334675093,-0.0411246914319315,-0.355611789240055,0,0.200659521908642,0.33767916724476,0.780865565750913,0.0569297513004753,0.190406155478986,0.31327581636758
"907","93928",0.0518839518990335,0.136701007962731,0.36451211455277,0.035136940205364,0.0532614005452567,0.0971358822400941,0.0316173594947895,0.0640271344311541,0.0874007686558387,0.052918441493734,0.121108015398181,0.142732881575226,0.0461039682324285,0.0683629139001519,0.0937939108693073,0.0137501091158375,0.049768806265603,0.0905293133692731,0.0382588605376774,-0.0389536585398692,0,0.00525490806766569,-0.030945707550004,-0.0628435796576064,0.0189304705420355,0.0316428410489908,-0.0274972898350332
"908","93930",0.118665739841314,-0.290012709542228,0.375596603628159,-0.0248467279666533,0.178335611169926,0.0587342398815855,-0.140854840474713,-0.0625724113017525,-0.0270657224694094,-0.225146478266895,-0.253048912700348,-0.203014340781908,-0.293727978087588,-0.370697098810928,-0.462964710563051,0.0218239182086579,-0.212828866894229,-0.113347421625755,0.0787936453989965,-0.411340653421559,0,0.074707175961737,0.00248975165782344,0,0.0241476524091155,-0.11484175233916,-0.408527149351298
"909","93932",-0.033188936677185,-0.0118185528300854,0.0045878409304044,-0.00726280638077908,-0.0345042387355629,-0.0366439295310872,-0.0177478153707791,0.000223044549533639,0.0357434620580142,-0.0270271479488695,-0.016976661263009,-0.024983860870808,-0.0213990448484666,-0.0083201096686352,-0.0190688457766905,-0.0246497902636605,-0.0180365955218458,-0.0187538521546961,0.0263875894823198,-0.0334716394258327,0,0.0195513276933699,-0.0581162998897196,-0.0797284548616282,-0.00988086700886964,-0.0433317799085956,-0.0379583351838379
"910","93933",0.422047905433382,0.407356664556775,0.566177978512747,0.440756218672495,0.291508299122318,0.463426148049414,0.052526993188043,0.110479325183979,0.283310659850666,0.0511310413128771,0.103364128691647,-0.956372025382955,-0.12631466165294,-0.137058221496827,-0.00904936909726622,-0.226271719868027,-0.161868486947589,0.354444195647692,0.344808273458504,0.258946394469579,0,-0.0201559509163477,0.0355399345367168,0,0.0188011049428935,0.0401503250573932,-0.813925298385276
"911","93940",-0.62257828791582,-0.533703653269078,-0.153523525995072,-0.263849837414152,-0.486655234258751,-0.182732937180216,-0.221321034322548,-0.227078633820897,-0.0315265037044086,-0.320490231941163,0.352212892821294,0,-0.567217534077313,-0.241174544143139,-0.309104742433184,-0.305564021084999,-0.00983687915914175,-0.120594309799843,0.772731111143118,0,0,0.288561652234611,0.415623539819379,0,0.0932607141528831,-0.0431318574554385,-0.411109864053787
"912","93943",0.000315189544377925,0.0207116459984691,0.0381010179610585,-0.0060879066486026,-0.00581259377885681,-0.00676875500306908,-0.00147972373803257,-0.00352666099244599,-0.00584547667593463,-0.00295055433093372,0.0116835548121149,0,-0.000414472132928873,0.0143209002047786,0.00330446380528446,-0.00316026842214986,0.00255773632601854,-0.00125570929625489,-0.00132973695830743,0,0,-0.00803204879408673,-0.0192224983714611,0,-0.0127705017770421,-0.0108667850654991,-0.00969663983386972
"913","93950",0.256425033844169,0.0348785594909585,-0.134648527968945,0.0680589976357995,0.0435013009098346,-0.0824466658999789,0.00259704833711186,0.203666527435562,0.121042958572314,0.204384839909762,0.0813177186273304,0,0.00256072701825002,0.192093461353978,0.545875777893469,-0.0864121971997897,-0.142223303107412,0.269180513553348,-0.140859765508403,0,0,-0.0361187668425758,0.0795934591874688,0,-0.122774693002138,-0.0978979432027915,-0.0765699007168595
"914","93953",0.414092306337145,0.0680646898879641,-0.582865875572705,0.209321466961575,0.383973350145389,0.407129829910067,0.177101654436723,0.0750394024767214,0.111522205774591,0.273693117429676,0.204025744655164,0,0.0926013445663706,0.00802098316465087,-0.499735247613562,0.100539308630905,0.0118277832598037,-0.166178924315192,0.141759193765575,-0.348574937733819,0,0.102843709132211,-0.351370475078075,0,0.0792726050925477,-0.151372767111553,-0.265290790721574
"915","93954",-0.0229024282010237,-0.00765260814445786,0.00710852473590763,-0.0286070947779722,-0.0373989453912436,-0.0483957607194229,0.00243412214062422,0.00966710166214799,-0.0361724165684156,-0.0213024638580816,-0.0102154916501143,-0.0199071154224809,-0.0294504460077141,-0.0191062824487425,-0.0415227168223414,-0.00464353703669218,-0.0393108277851917,-0.0472849959777634,-0.0158847769582898,0.00220185818718186,0,-0.0219106223102701,-0.0168091172949502,-0.0207786086056819,-0.0275711058455642,-0.021309206038124,-0.0190430093598166
"916","93955",-0.189797887968006,0.0759071300567963,0.910119958405904,0.0893748315862258,-0.15745904644622,0.752531493532377,0.0645814711496628,0.0512794618649548,0.267479536774507,-0.00776230569929668,0.337529030091723,0,-0.273199802003341,0.248387098925252,1.23826937924039,0.00265857613533476,0.0283232766051186,0.253160145092514,-0.213813099986816,0,0,-0.27207947956086,-0.717685713117869,0,-0.150231868341307,0.074313835931025,-0.786372165418274
"917","93960",-0.331862039381604,-0.303514025228123,-0.437705200588923,-0.273583491379305,-0.188767735380127,-0.463411236613369,-0.0166224807048268,-0.175633672506235,-0.218780936674663,-0.409917454061416,-0.58075867233304,-0.517147798104633,-0.298072447664346,-0.179407048645967,-0.161942832121866,-0.0511328061438228,-0.0808133966034238,-0.186838331868045,-0.0353328433433547,0,0,0.00779970491698496,-0.213513005917269,-0.572233852401139,-0.0664715626478152,-0.327960528913148,-0.41326653390815
"918","93962",-0.012727622457205,0.00684687174524915,0.0326641856808804,-0.0231692038931094,-0.0189865677196411,-0.0140978790065657,-0.0191613229811416,-0.0194207709365617,-0.0211047082972619,-0.0205693581517076,0.00369545364277198,-0.000427543696414196,-0.0204821753738429,-0.0100327317556811,-0.0110735532871304,0.00817295661205876,-0.0121851877214728,-0.00794077351982926,-0.0109990359730755,0.00894793671688007,0,-0.0181666767356542,-0.0184131251271527,0,-0.0171541191635875,-0.0264983928622384,-0.0245953048427047
"919","94002",0.240997719050583,0.0321214500639737,0.58883974210269,0.0132238921961642,0.407855889773043,0.367150296562306,0.112693042140713,0.21104787132695,0.395103641183822,-0.201488069201032,0.0988601321944274,-0.291405055444586,0.338658520817942,-0.204629674504673,-0.0925720550458637,0.154531120781488,0.260707371502733,0.302181562654687,0.398578799754791,0.0137958151888391,0,0.0514619704032615,-0.27674388813928,-0.973186326942634,-0.0176046121195674,-0.11264614204434,-0.169309980712278
"920","94005",-0.118553142445419,-0.157152419644817,-0.266531494357654,-0.0431883861254398,0.0283050790602042,0.186918054387182,-0.0551685453867206,-0.000463571233824206,-0.054060938266454,-0.0434789828357492,-0.196454295244041,-0.292197311517575,-0.0382735651341688,0.009471016881745,0.128644376906325,-0.0122613707816528,-0.0435588941877771,-0.00675347491693675,-0.000660272442335732,-0.202930340438962,0,-0.0292596470324129,0.310753316172547,0,-0.0498953918027976,-0.0189257721540437,-0.130630573877508
"921","94010",-0.217868226845422,0.020210868239012,1.37318702763485,-0.0302515867467645,0.0417379626546748,-0.139598327439283,0.0340064898231342,0.360818337609215,-0.194430433268242,-0.600021958537337,-0.766116202178658,0.121597388438128,0.00515418393165149,-0.118059497886128,-0.151828321017564,0.226218781061341,0.323433520192581,0.624885925693433,-0.130949881230746,-1.41651149955092,0,-0.0259180368728445,-0.486402962797018,-0.765279766805396,0.0199610726586096,-0.196705747040091,-0.559205302415281
"922","94014",0.149410803638916,0.818341984800464,0,-0.081935772671068,-0.0398779005199264,-0.766353554066283,0.103108097042167,0.066125326008716,0.00395015869894998,0.206262418702908,0.774923493827459,0,0.152261940410142,0.016183892667094,1.2691039417465,-0.068403762408927,0.129502450715752,0.2628984638742,-0.229945373838951,0,0,-0.139463838775577,0.422300546643546,0,-0.330907899988083,-0.045315368677887,1.90402254744347
"923","94015",0.405423537888571,0.0775042859329413,-1.63873625325194,0.320959770198066,0.415594101607362,0.42536850340325,0.247636263037004,0.0660901824134296,0.266287270047324,0.885924652032083,0.593385225263823,-1.56773807406479,-0.166510971652005,-0.969192413151343,-1.27664987685233,-0.0469320263266811,-0.405360321382859,-0.11119785036566,-0.761571196474295,-0.40911736267169,0,-0.50526309122306,-0.178748936559539,0,-0.479456798351768,0.219587144709752,1.62971155230052
"924","94019",-0.0969069577048876,-0.217788862942547,-0.431171260630804,-0.135991616748047,-0.359643960660769,-0.652425544735093,-0.0809021216202426,-0.0613274092419378,0.016327307243143,-0.0350757366535365,-0.408091073457687,0,-0.034779664548903,-0.303127790419892,-0.539336792843759,-0.0599793787979787,-0.111205985639744,-0.0702334782135425,-0.0924241440314318,-0.0696812307872843,0,-0.0964393944499986,-0.186049267806222,0,-0.144168939953197,-0.211871222089152,-0.481723867105233
"925","94020",0.0289845313253603,-0.00512814650458277,0.0229544941810318,0.0491451444655447,-0.0318408853312673,-0.0241442512700777,0.0264736530101586,0.0283692327848452,-0.0376694782021069,0.0297923129473515,-0.0214302980124663,0,0.0499468114252542,0.193286797565042,0,0.0111196568250302,0.0328287219464327,-0.0324066869952162,-0.0223899746441612,-0.0203903542898134,0,-0.0234980415735415,-0.0287302590204494,-0.0540496915456202,-0.00221251052867152,-0.0256717265890523,-0.0342759647829232
"926","94021",0.00300890993260694,0.0218732748395567,0.0370940041765087,-0.00139782783119623,-0.00661413826486345,-0.00985382440093248,0.00199555666986707,-0.0033113071933683,-0.00663519179626576,-0.00394429835944276,-0.0102176831034085,0,-0.00249527885134867,0.00722394897281081,0,-0.00576127120954918,-0.00355303698023174,-0.00536617713810024,-0.0040771355709336,0.00712613298065776,0,-0.00842463990489493,-0.0173688126077346,-0.0154096694583058,-0.01415962837138,-0.0156982579105997,-0.0220617453172609
"927","94022",-0.14811462270682,-0.164363173732626,2.19417032027943,-0.297095893803137,-0.18664182553766,0.115422391855805,-0.237254427319792,-0.251749811679623,-0.117101668774933,-0.0762098568592053,0.0411066598594233,-0.190182822738788,0.0925044193294933,0.199729212516732,-0.0773781606640652,0.0877090870035363,0.0662345782268839,0.059955942268102,0.128390874802084,-0.47474895324744,0,-0.119452810451764,-0.466243716324507,-0.705210239142174,-0.177706405997238,-0.118688945948135,-0.321631563251905
"928","94024",-0.0453111149710252,-0.643220217490828,-0.932975771190978,0.133461684923242,0.196045963636789,0.750344522621036,-0.00868896215544102,0.19985232484874,0.0944162825225778,-0.0683152883427637,-0.173583433433232,-0.168507075590912,-0.0373219975032865,-0.0435427031212599,-0.282111710231424,0.0888420018566656,0.0290628199873044,-0.106792948857011,-0.133352677187259,-0.22494717730869,0,0.0725199879771094,0.611374599272229,0.701834990944843,0.0464113266811639,0.341312309199615,0.470015668989669
"929","94025",-0.320188216022862,-0.553267029001232,-0.353382045485891,-0.16966529050355,-0.307025522961561,-0.593079484207419,-0.0999187436089837,-0.252749123697624,-0.176219680501017,-0.17900538083539,-0.173873386030146,-0.870671611939698,-0.152458965402699,-0.151581366486991,-0.167155619802724,-0.147873505258023,-0.191808462011949,-0.179808462836098,0.192982183593394,0.896357495969061,0,0.139966416144971,-0.351057757069394,-0.377611817521153,-0.0268070242736258,-0.303211470971845,-0.311552083369483
"930","94027",0.0860429088231379,0.272176378735067,0,0.0557897542840001,0.166700384601533,0.385650477840333,0.00749905122886296,0.0316105580266664,0.0915749748594011,0.0232273768988815,-0.00500348402146859,0.113903597148599,-0.0837065647683057,-0.0547547237698619,-0.102724753799323,-0.0255078070780657,0.074890285276924,0.130310649239427,0.135691859534353,0,0,0.0103269664466894,-0.0153672277236855,0,-0.0309215802144923,-0.179189810416734,0.0529894356128698
"931","94028",0.0407248933502102,0.262621909695141,-0.115110751608612,0.0743778993262597,0.184840896903215,-0.172124539784405,0.0163076583949385,0.110623879534048,0.175806039300055,-0.119130429231652,-0.228811724774326,-0.209550432236105,0.0233871086654041,-0.135020189498681,-0.212703531928976,-0.00785641329959061,-0.0233299452276849,-0.0264660034403153,0.12309536866639,-0.0719454923306928,0,0.107455457844161,0.111174397991246,-0.125466213636729,0.0434195196434653,-0.0568477205021586,-0.176339958661067
"932","94030",-0.182823675243886,-0.605330507435632,-0.101271249094548,-0.280874414858129,-0.256644085847311,-0.470240637887475,-0.0219101632913152,-0.15005776713955,-0.14794999846128,-0.0859295703790059,0.365618667572065,0.214961518824141,0.20414392106531,0.30139179389898,0.0879506091409903,0.126157956284438,0.0275333110835346,-0.124675863539789,-0.266225267813702,0.195791632345104,0,-0.00763785863679038,-0.0257443315638178,-0.0895103341758638,0.0254746288488571,-0.277034749707153,-0.271084766804865
"933","94037",0.178870316586302,0.108569813247885,-0.0519729655528283,0.0577360252982549,0.026582844534736,0.157154811748591,0.058254398052111,0.0573044968425536,0.0998542825660214,0.0738761053407672,-0.0892846529982056,0,0.0349328059008324,0.0227440940997711,0.0822662545300403,-0.00527768127717768,0.00599493817520643,0.093372408184731,0.0106921547161929,-0.033826314338045,0,-0.00959642026607646,-0.0410242008730919,-0.0394990210019991,-0.0422458653011787,-0.000658433573899227,-0.03737281222573
"934","94038",0.0492819400793133,0.111018982545566,-0.0726707310876531,0.000349704984005663,-0.0204830140146817,-0.0814378302957484,0.00212130725496024,-0.041689846769001,-0.0832262207605207,-0.0831946817592004,-0.0553427342063142,0,0.0631332311237757,0.204509834122665,0.333664437743951,0.0435814344859618,0.150834339661591,0.289265492579938,0.0144273804369099,-0.14231452893227,0,-0.0251814742753902,0.00814725161717241,-0.143329242884527,-0.0156857866251741,-0.0258678842103469,-0.132314222205669
"935","94040",0.451292332688227,0.156756394113243,1.90003146479354,0.0823796034346024,0.120653869619554,0.326835144569883,0.0511128125379758,0.0608803494875704,0.291786752981718,0.0499297730670745,0.318028823146214,0.504437890736549,0.363843550465726,0.60871112741791,0.990123828427125,0.0423083850167501,0.0728926391766031,0.129926343645091,0.125237065051964,-0.408276662806091,0,0.222128777351632,0.030613836739514,0.721297379190712,0.0529370777959072,0.0188912465186887,0.0857786669495881
"936","94041",-0.16243093699343,-0.245617196659608,-0.213947042489113,-0.0251110953891964,-0.107800450805321,-0.349738262683354,-0.0357366733461971,-0.0973902520841371,-0.158814640023145,-0.161211653087655,-0.25500285345861,-0.285413605711898,-0.154173430106208,-0.103762660352056,-0.286055578976494,-0.0824213740530429,-0.0554181422567974,-0.241486957309529,-0.0198281478680584,0.729569983289954,0,-0.00230090782239161,0.340196971927318,-0.421191002085661,-0.0428188635172863,0.0893362757150794,-0.199417316851149
"937","94043",-0.369177224825623,-0.19696473609773,0.368936653365212,-0.26521642203448,-0.322479158977442,-0.525246216928423,-0.344693400087176,-0.327060279640837,-0.576968045845585,-0.220014611375314,-0.540856355764936,-0.629743449233853,-0.18915310973294,-0.305366428948052,-0.506671121798855,-0.190321026220687,-0.0741460455319374,-0.183082317274486,-0.0837927236430243,-0.393547805121643,0,0.113298835041511,-0.375825458012961,-1.04769248936157,0.0178273043304377,-0.110523416779715,-0.0756879791596212
"938","94044",0.0096113802290689,0.692752654144569,4.25681822528111,-0.198925949751686,-0.0701689533021262,0.67555122846695,-0.15651608620754,-0.0521533883086574,0.317308607998186,0.107979342288388,0.948034670622631,4.28749039338737,-0.168349482726616,-0.0638256854952137,1.04704683436576,-0.167077695019522,-0.266012452774347,-0.164704381211301,0.224317865363236,-0.872077088068225,0,0.241572590170591,-0.617202752046157,-1.34435038693438,-0.0118641891975984,-0.222123159490456,0.391173714032646
"939","94060",0.152811633394601,0.145259152026165,0,0.0378286738228628,0.143706193529756,0.22523916459547,0.0455760545970711,0.0697831319697825,0.0528606183519866,0.0752126942110857,-0.0202172962548427,-0.0272737876198862,0.0900634361490695,0.26517866768155,-0.0754546291240084,0.037228687135362,0.105666294763937,0.0638484032621191,0.00876556017209177,-0.0134012592186635,0,0.0324865592517993,0.0694297564797068,0.468738232648139,0.0234961593594675,-0.0144612531096486,0.105874080873198
"940","94061",0.39605294613584,-0.0835995697937094,0,0.205339359584821,-0.122461412313962,-0.284816784444075,0.345624448063481,0.259895089524108,-0.0808771427273923,-0.120353535635965,0.333454995402342,-0.181642800000755,-0.0952627308936062,0.567230360173241,0.565345300924625,-0.050455414361355,0.0268282872837206,0.0307428926741375,-0.513559102787947,0,0,-0.275480759244312,-1.14505468980786,0,-0.160380822061463,-0.328826269661833,0.0142520848669991
"941","94062",-0.326244159131494,-0.346794596122244,1.88031629129302,-0.270822239085278,-0.38388919197515,0.103454736218448,-0.125262506395084,-0.127230418703429,-0.236597252268457,-0.217573279718172,-0.654273274465864,-0.997854197729763,0.0907551169875748,0.0734154156924849,-0.348353393460836,0.243618701918437,0.43964569667035,0.704994482803033,0.160647382466593,-0.740331433933975,0,0.363594265093961,0.973354468911783,-0.877323591434263,0.1783646953534,0.489925244212685,-0.0112365212855781
"942","94063",-0.436867528968061,-0.879123441240249,0,-0.178767502246676,-0.475313067780837,-0.593380901975376,-0.0589880649518248,0.0362233455371978,-0.119724116265611,-0.204170199615574,0.00381888998432336,-0.282357628550495,-0.170919196871782,0.186457632870049,-0.184860136037293,-0.136485657844879,0.0594630082024028,-0.226194829372126,-0.0879843616733584,0,0,0.24392913694446,-0.260716366376568,0,0.0909215397463198,-0.048607189431515,-0.239864162190535
"943","94065",-0.0651666586426352,-0.0510814881263937,-0.223868054851788,-0.0370260734726499,-0.0770999711237621,-0.271294502721711,0.0182771803360294,-0.0972246602912478,-0.0849297542548153,-0.150719843470288,-0.308515311609911,-0.289313154201686,-0.088832091199475,-0.168754684863343,-0.275751859181944,-0.155227794050354,-0.194768785204541,-0.196043437837029,0.110801760548012,0.820812883270198,0,0.00632102093564903,0.160592387016504,-0.37721832318053,-0.0313729676755409,-0.0336748187474669,-0.0933610742023625
"944","94066",-0.39093816653533,0.794644555652931,-1.80265932535948,-0.1610635266687,0.198642736066874,0.419360712965083,-0.00411515229076556,0.26394940106114,0.829615434198607,0.0481322572632762,0.372503368479739,-0.392715127224718,0.293202731513438,0.532688715329277,0.297340977178419,0.26121124658686,0.403193904710136,0.150406052439646,-0.110546129247065,0.882149518969935,0,0.119129310808897,0.0893763114709068,-0.253225714609482,0.00544843843454887,-0.241562215914596,-0.367869616675259
"945","94070",-0.605821736593631,-0.654771680590903,0.87917957494162,-0.248294245596208,-0.656757075190072,-0.559370403377367,-0.0728785779358449,-0.559650668616137,-0.61834532005315,-0.169550687934561,-0.252079476416825,-0.648220548219129,-0.173439837263737,0.0299698130538699,-0.475849892440846,-0.0670566913113022,0.0794931762680195,-0.392855011951274,0.16365311369136,1.0759354022725,0,0.0844204501636659,-0.208734160169745,0.924276064728908,-0.0712429258188742,-0.2428166502259,-0.0699515143272744
"946","94074",-0.00430957188451478,0.0156786136284529,0,-0.00826539495455814,-0.0138807053826578,-0.0164840785839695,-0.00388665402525773,-0.00921098140489808,-0.0109702104842122,0.0021972028293103,0.0139162964183673,0,0.00529149358145,0.017159500040354,0,0.0145207383978115,0.0054614630383781,0.00314679652692478,0.000795855767625262,0,0,-0.00854217154113143,-0.0144718579233117,-0.0235611312720483,0.00126926558133166,-0.0183731901159038,-0.0194551529602884
"947","94080",0.181827493195605,0.316382661525826,-0.820286999637189,-0.0339074190599933,0.0930695511392151,-0.58859932433352,0.350374503528955,0.50024902415645,0.236730561813511,0.596792223567736,-0.63686195253512,-0.744087445909193,0.248630194377082,0.327056424241814,-0.438655262738595,0.134187285123903,-0.124223910907495,-0.141786021968805,0.29224868477783,-1.32342305503706,0,0.219517947626695,-1.23106291266453,0,0.0687439793889024,-0.356417227138262,0.688928650244345
"948","94085",-0.125886302176533,-0.218639871013234,-0.54763360344834,-0.108758241652034,0.0119625108116977,0.104158920267433,-0.07184174036047,0.047433205074468,0.028190145779972,0.0133333301984362,-0.293916230365401,-0.214986456416924,-0.0749583785928422,-0.00376746430206168,0.0334574068253341,-0.0657654133319885,-0.131856806470962,-0.0870722559426416,-0.122593035370419,0.33264504561233,0,0.051162529308828,0.0548304533604982,0.12233453330289,0.0320387921929226,0.105128208997816,0.462714619970513
"949","94086",0.00095158714035881,0.639122206295986,-0.413735561953344,-0.0144079941966071,0.165665312691648,0.337678586903261,0.00107529636783206,0.0365379096913126,0.0658788497669131,-0.340405328132577,-0.392403658916452,-0.684600978970621,-0.279565140635343,-0.36310193370016,-0.604625979321329,-0.45484712278994,-0.322265222663941,-0.301294988528605,0.061590301684205,-0.69928017008187,0,0.242729389067134,0.107042674203832,-0.864722808490915,0.0502234198125168,-0.0461104389984406,-0.566410586586651
"950","94087",0.258145521659617,-0.387454541128712,0.57712741743259,0.453637899717068,0.522943303439456,0.388652178280716,0.270815859010605,0.319586802886726,0.173340736858407,0.370400094736793,0.0798727977663004,0.317689703751827,0.122503081301542,0.349300164896564,0.328576038209497,-0.153449553474115,-0.220119570073915,-0.264180165688593,0.20579854273468,-0.0929361752179244,0,0.0729483481761331,0.131728030633445,0.633876322776568,-0.159110902490593,-0.237872477663586,-0.627730201759692
"951","94089",-0.203777592670985,-0.346180787876223,-0.750670744613802,-0.181430743052138,-0.195118739426507,-0.0537142953050831,-0.0221309883745519,-0.213531210495114,-0.0357400655431316,0.0642825791726764,0.0975213542520768,-0.380845199453963,-0.0704688644706501,-0.122498290527297,-0.0729132391485587,-0.0210603960315419,0.246276246301154,0.181773463866359,0.0395164815325359,-0.189243916934161,0,-0.0760153990196852,-0.275608190409674,-0.0841450127472056,0.0578133639771365,0.0762730972674352,0.507509563896027
"952","94102",0.386772167336253,1.1436342103905,0,0.043139794611136,0.719188453330224,0.433342443647554,0.0871981897190261,0.0179429822187043,0.110887546914913,0.547714758212076,-0.0822807280817782,1.26809481554944,0.0808018468522878,-0.0772884922657285,1.30417464829663,0.183406878537446,-0.214353808180502,-1.25794374353349,-0.27171075725603,0,0,-0.331048199993955,-0.333631674407652,0,-0.233905599930475,-0.531613295554768,-0.268242373861403
"953","94103",0.646892473600352,0.125054526048685,0,0.139434057020923,0.390430518460904,-0.628002993469689,0.115709520845091,0.24233641878673,-0.459422449695636,0.541675614407155,-0.658507340777329,-1.82481321945033,0.386145973709315,-0.445670479334139,-1.7931418300428,0.1211251401756,-0.0118150672827922,-0.471799102290322,-0.607731899263668,0,0,-0.153560040613665,-1.08686060049139,0,-0.075743605973034,-0.285184325783689,1.16628533911749
"954","94104",-0.0836023727209803,-0.0761252951914448,0,-0.00977852887160947,0.0196781980478752,0.240197878714153,0.0393580180578329,0.0312905384527169,0.123575817257314,0.0734613524563959,0.0934946339467986,-0.328505642716921,0.0582309995798916,0.158920384785895,-0.326286968622024,0.0458246733713429,0.130299271444458,0.34830764166515,0.0568333798157216,0,0,-0.00396160218346511,-0.0735214232071845,0,-0.00602904866275228,0.0325914572371839,-0.0947771209421678
"955","94105",0.105349802139617,0.241609094221301,0,0.0436629328301188,-0.0179066978604577,-0.130759686794298,0.0174878989355932,-0.0970779042430843,0.00281675850687874,0.0581568423147194,-0.155538615150113,-0.157458693575167,0.0700652422748187,-0.126455024887966,-0.149253516293125,0.00778185938414509,0.00924624106217312,-0.154743553459618,0.0065724693000022,0,0,0.0099634346873692,-0.0930744945066147,0,-0.0294873634580662,-0.110697599672621,-0.0806200126820425
"956","94107",-0.274390244204015,0.0459365170305357,0,0.0191248978790501,0.170108354938721,0.337974885617212,-0.0383599349602051,-0.0719310638094999,0.0848816552553197,0.226485108631392,0.511238041363333,1.14632988905522,-0.0561871245201313,0.207462766159216,1.17737291572014,-0.121690169995516,-0.100368842329289,0.124641018699198,-0.471390892072739,0,0,-0.0957374486563038,0.449691618639655,0,-0.0717000878845215,-0.427482200642381,-0.708592911077912
"957","94108",0.0616804785101104,0.110260874212664,0,-0.00844756510001506,0.0113169871698779,0.00155259421762856,0.0504650438671354,0.0987284536094711,-0.00449704902139173,0.142692734639825,0.156835981779229,0.334169013508795,0.283756104655604,0.218588175009922,0.351092036057118,0.129695997956469,0.0944560620705479,0.49205712727642,-0.145193572798953,0,0,0.0206017092809054,0.216735743894971,0,0.0741231400731795,0.0438906370151311,0.324205674235658
"958","94109",0.166417123654418,0.403407583188987,0,0.152072669053599,0.51198208648701,0.925710213921183,0.169057310208425,0.305761223566942,0.830341850634023,0.314373525962035,0.334481266263204,-0.349905190224009,0.0345726890262813,0.0430377259154879,-0.286525142207203,0.156848293021796,0.171914725269007,1.1251038382127,0.179823602006663,0,0,-0.0468462809657908,2.48124831022976,0,-0.0893546967827287,0.599459631435006,-0.770376170286406
"959","94110",0.34799949372449,-0.54298488622981,0,0.265535053419344,0.379413741275182,-0.20223173251538,0.285219779031936,0.0565724978619259,-0.566061520595564,0.775351144297448,-1.21789274364857,-1.42216093293681,0.287748807082164,0.0850347756755526,-1.34409084244846,0.101158224135997,-0.0721345684130044,-0.992351194016825,-0.132665577445084,0,0,0.237045747765396,-1.4646302038033,0,-0.0473287593678987,0.00139296843151067,2.91194557127253
"960","94111",-0.134111432887121,-0.384836133548744,0,-0.0670920774611447,-0.178401596201823,0.0546173239892921,-0.0449529334262668,0.0163759064090965,0.175641227262733,-0.132295423242344,-0.0100543622395768,0.80025917873647,-0.0199807071715526,0.163128289653206,0.806117074529876,-0.00172112464729623,0.0876287945474642,0.306849877328455,-0.0742016541289683,0,0,0.0209643528565073,-0.105178676590378,0,0.024910278820789,-0.0141772734043005,0.810412512666348
"961","94112",0.501082443526516,3.27421021853463,0,0.387048964397526,0.642647171919858,-1.17859790213838,0.511961882456744,0.617930596936825,0.621849815032339,-0.121497419049919,0.117642594685572,0,-0.00791979787101499,-0.486940574899145,1.60737490596629,0.0304278859255167,0.318466813983025,1.13211054855361,-0.854162768535341,0,0,-0.538257027607813,-1.44882758025,0,-0.22343995335512,-0.369916996006001,-2.76438658571373
"962","94114",-0.233775336407798,-0.415600355947626,0,0.0807288027777051,0.031482371508452,0.189482433945098,-0.0719532744918071,-0.170630612669446,-0.126440373704062,-0.530687343132944,-0.522968152481942,-1.13286551527055,-0.254199826805024,-0.551551710825596,-1.09684290645088,-0.159398242308085,-0.0878307273630718,0.32887376873843,-0.227115551735558,0,0,-0.103854475811808,1.19519006235389,0,0.036560226908606,-0.274475423407762,-0.830513260841032
"963","94115",-0.173202834611513,1.08303684762824,0,-0.260058463857484,0.231347183306512,0.0170933027532611,-0.0471389665313591,-0.0327479749971819,0.0794084911487299,0.315794877802673,0.395305512221084,2.11993094913351,-0.069225145594952,0.203115676785048,2.15804113084766,-0.0323135509488755,-0.104058521767843,-0.150306286446721,-0.0191983372886786,0,0,0.237098390314655,1.56385112519825,0,0.206644738066286,-0.0043937216122401,-0.752711681814947
"964","94116",-0.110338857082405,1.83450082062907,0,-0.344330516611893,-0.462056383022117,-1.17374658124987,-0.149018359161757,-0.466154739287031,-0.309478584252314,-0.787959915363533,-0.48980342778138,0,-0.0883083451453897,-0.0972398002107142,0.759924141335192,0.0983229894705338,-0.146467617936665,-0.26661276343874,-0.0537964842574113,0,0,-0.382916202823596,-0.435818855513911,0,-0.15003852186102,-0.416916282490934,-0.483895273123733
"965","94117",0.434077158123751,0.41103758385331,0,0.157863407833209,0.287979763147388,-0.296697401038863,0.142825137709829,0.22865653624241,0.0771676330702244,0.0320001766038009,-0.835427120605459,-0.221874195568976,0.14212231935107,-0.473791158105096,-0.0385714651148631,0.190391031949597,0.143146916195625,-0.0161032237331806,-0.150932979239014,0,0,0.0923501141907186,0.827515024560449,0,0.0703789921354164,0.169215884014474,1.52326130454358
"966","94118",0.136536639378138,-0.316821198860874,0,-0.192922324370791,-0.337822068485092,-0.798048033455008,-0.325197938887363,-0.337371346010439,-0.701352599076391,0.435135225329469,-0.23128692711456,0.315608890316791,0.0212332258915111,-0.647008326902135,-0.156840931811442,-0.120146693438708,-0.219099542121396,-0.174932791251291,0.119738399919064,0,0,0.014344722251444,-1.15701065496369,0,-0.0229786196665065,-0.785741874591165,-0.917434960824413
"967","94121",-0.304466503730901,-0.946737439799363,0,0.108787752474988,-0.390589037299163,-0.0278750268723428,0.0745147358708772,-0.346643210657169,0.0183488997046403,-0.220326289447436,-1.29158200473562,-0.740903057990797,0.0140652457884516,0.238430494883144,-1.03825206647465,-0.00013933915030482,0.124607664566748,-0.0262988863656207,-0.629800309941822,0,0,-0.326986768639583,1.744411294902,0,-0.400093282999926,-0.323276356120928,-1.03404754439167
"968","94122",0.452511177162698,2.53160188615775,0,0.0624361614844591,0.159448279404848,0.377081031827787,-0.232955379718445,-0.116976162461357,0.0655500727632647,-0.303798589266488,0.866911396594508,-1.07043695008853,-0.152143107802641,-0.463442116516205,-0.278888071569993,-0.211279741571432,-0.0666913829225743,0.14830339131878,0.563134545792961,0,0,0.251814239445267,-0.692793596230063,0,0.108765009611176,-0.514792146844325,-1.93993782747026
"969","94123",-0.0860709509163662,-0.69140376365262,0,0.0261425214510406,0.118493867999857,0.991905462827395,0.0252314199781663,0.123846653936071,0.4812640256961,-0.371623959509169,0.112943851885781,0.617929285222332,-0.206117517627209,-0.215950197110912,0.645108596319221,-0.0199082183155136,-0.0267257503744001,0.404285071400464,0.0633447010803906,0,0,-0.0886484589843005,-0.534831784967931,0,-0.0716470501272154,0.0821852100871083,-0.374213150325097
"970","94124",0.770982901922817,-0.62092194809106,0,0.392083915195587,0.27200932627663,1.25602557453281,0.377389115183059,0.206313113204841,0.163105106748375,0.266696998933429,-0.0190593455385027,1.12037986654609,0.12931388189764,-0.165959879255571,0.977943209690118,0.235139041695557,0.0258714723774668,0.42907132484247,-0.441248106292427,-0.951214813632426,0,-0.189376301190604,0.149816504250695,0,-0.156057429499315,-0.350988187833219,1.27960822517888
"971","94127",0.0077815477384747,0.575323521236281,0,-0.202916769366459,-0.389099554607198,-0.747736538530022,-0.175989382601624,-0.267261759514598,-0.247455000389952,-0.199698537519555,1.66543279514778,0,0.00758784117203513,-0.0396956291711384,-0.417950534445942,0.0201811025138785,0.0664689825339343,0.116942644475968,-0.0130365754515856,0,0,0.0836268752822914,0.672831600795,0,0.0717137036313265,0.59186328702827,1.26218886618482
"972","94129",-0.0625062367508443,-0.0344624687163369,0,-0.0198212866905162,-0.032679112370468,-0.0269455062827269,0.028358586170362,0.0616910044753826,0.0424172327340091,-0.0149809760064393,-0.00459643882738036,-0.0181492955812363,-0.0179814327261057,-0.00479818759023467,-0.00989410345376177,-0.0229654263350614,-0.0173263553830987,-0.0169081214711666,0.0345005094329287,0,0,-0.00330047407313197,-0.196134237698479,0,-0.00364148440523389,-0.0466063125565117,-0.0211235219136609
"973","94130",0.263278147261957,0.643210627642827,0.252778850526816,0.0867669050390678,0.296598773412613,0.0521814234759083,0.0821615801410149,0.112116681032879,0.107239661601814,0.180676690266251,0.638997999473463,-0.382742737180772,0.190035885960332,0.462589066919828,0.254175794719244,0.0845023673424357,0.146654556144382,0.116145206853553,-0.0514608100245538,-0.24947238758753,0,-0.0411548744209816,-0.156792519275092,0,0.00267717113625047,-0.0401613308718357,0.0483723098493254
"974","94131",-0.315360518211534,-0.968090692201912,0,-0.170325434763273,-0.242148463884282,0.516686620736902,0.0128674043975652,-0.00956891467495704,0.23420308429316,0.306395971221435,0.0477580101268438,0,0.253760669347115,0.0640890005133085,-0.184814508432017,0.0541987599447256,0.0339878565309499,0.201213190542566,0.119871259763736,0,0,-0.0535197709075099,0.288065821290583,0,-0.0514397714495131,0.504541661110246,0.95845075979689
"975","94132",-0.238317386230722,-1.34591944018519,0,-0.0415964432330383,-0.0133595978764157,0.46171927373582,-0.134265575595652,-0.0343182759868715,0.382605645629795,-0.0970237637622689,0.781778469943979,0,-0.0941687527601628,0.0150695101076693,0.278729272499436,-0.112020484301463,0.0357330855565854,0.18402706312433,-0.456216591450994,0,0,-0.303002308768117,-0.248293448045603,0,-0.271006044064485,-0.833509692636026,-0.827082692750582
"976","94133",-0.183311503028077,0.0237134275326091,0,0.0385220797173619,-0.43266970901874,-0.472536778356343,-0.0143985912690197,-0.0915271429000369,-0.159068741721465,-0.237958834755008,-0.947574849254046,-1.14793002427428,-0.260351829941525,-0.124625057876569,-1.11728536418175,-0.272136542132193,-0.178372623567067,-0.827892848706101,-0.10368522631364,0,0,0.19371578150928,1.57040716907491,0,0.209853962252084,0.0746009048824013,-0.0767471964943214
"977","94134",-0.122956596190407,-0.626201476342596,0,0.151851211370421,-0.488039493831071,-0.234945232976406,0.172542544704019,-0.207542470869657,-0.222021319018341,-0.16746293440639,-0.428866251127767,1.5806910760636,0.139841011892603,-0.0722461332912016,0.709530775313301,0.0893082525784797,0.374150917446584,0.504988389790907,-0.099307684207247,0.772318094743047,0,0.211053057717337,-0.0223027025831718,0,0.072239164957834,0.527888229654677,-0.0725298487472707
"978","94158",-0.0470736810070049,-0.00598743496429918,0,-0.063284556847269,-0.0599397511103974,-0.0312371502768064,-0.00235101088308472,-0.0201266220674767,-0.0291297932316115,0.00730199614509796,0.24404776306657,-0.0126061462346729,0.01867895968064,0.122086247854029,-0.00556085394514027,-0.0166158836345281,-0.00232490651019459,0.140834097862258,0.00375122681356628,0,0,-0.000887546306661757,-0.130037075122566,0,0.022269882328205,-0.121032485803858,-0.313893618897326
"979","94301",0.226438232009406,0.161186151023312,0.284808038452987,0.194222755516458,0.141021668856538,0.476435982077855,0.138253698169027,0.258905804568298,0.530182546782257,0.118239299051899,0.522868045966138,0.368607224553672,0.0513691989238721,0.27950974459873,0.67868659861539,-0.103065117650136,0.0859102045539994,0.0881495269581251,-0.115610459048556,-0.397659798652797,0,-0.239417187958487,-0.427059715364512,-0.488782981557205,-0.0841944973407747,-0.282974952165689,-0.477255589258075
"980","94303",-0.573759160792467,-1.171927249718,-1.07463857241015,-0.313952108914879,-0.487826326526627,-1.15662454734072,-0.324499653994165,-0.627711361768924,-0.668249096402066,0.142811341617256,0.208035507289883,0.0889762069593033,0.0346542206467362,0.0109012029982874,-0.180928179331782,0.0121681407721298,-0.0652700790747064,0.0134722398623726,0.0888852663183919,0.452962982073033,0,0.132856645684724,-0.00666824408345555,0.267677869131635,0.00535908747201344,-0.139179172941394,-0.13856938639934
"981","94304",-0.0461323988633525,-0.15341563690421,-0.142925299325032,0.0596526244696369,0.0849247359865864,-0.178086422334001,0.0431024786416751,0.0713897857489131,-0.0462921838953442,0.16962827614596,0.13823913638648,0.253264388221509,0.115112207005256,0.143031081979286,0.0833160222100875,0.0298633052460589,0.049714426824336,0.0154596741048008,-0.0979111070690668,-0.0797390539350467,0,-0.0372551610884135,-0.0207654913829864,0,-0.0470892299701112,-0.0724137040295049,0.0493576802143886
"982","94305",0.0346881574156162,-0.180536616844031,-0.295735983956369,0.0426863834485504,0.115508197629345,0.176863151176644,0.0363492775947481,0.0513746468004087,0.131607057149539,0.180040392150551,0.50922037556014,0.451737858515332,0.140487402547122,0.202210118939274,0.424145848144132,0.0467049962177661,0.0399289360472324,0.14241019925715,-0.0590973508624185,-0.0803755790356265,0,-0.0629703110806022,-0.134878249287581,0,-0.0241577782217362,-0.112226144318141,-0.150621584139305
"983","94306",-0.028063529605336,-0.0875369046816676,1.07376383919667,-0.108829961885636,-0.0381519970036765,-0.21831437214438,-0.0712348048546751,-0.0272022374851939,-0.0591851011755999,-0.375389392802365,-0.26646667155821,-0.286123849014268,0.175451719898528,-0.168871274453114,0.0429204327921791,-0.080105620085776,-0.234631993438315,-0.233823050122253,-0.47795666724576,-0.340600438004311,0,-0.206398022106971,-0.227338035850133,0,-0.261136488308366,-0.149931023576121,0.28753653290491
"984","94401",0.131870608947076,0.295884872393847,-0.830136560829932,-0.242194077667656,-0.0753810743426322,-0.594050911731199,-0.117177413536227,0.0271776821600248,0.117790846319253,-0.0689197458352811,-0.0434996315180792,-1.4180272667107,-0.0898697509466574,-0.313127266195813,-0.0881662366346112,-0.0857873520222241,-0.172813977740673,-0.353782959741532,-0.0928393716037107,-0.0652393425056334,0,-0.00522969328834021,-0.0318913980804475,-0.423861579669074,-0.0531403313669681,-0.00671715194447389,0.210814959931878
"985","94402",0.1898922379639,-0.152835127219925,-0.352597277883893,-0.111608101079317,-0.118770285230108,-0.613099229018174,-0.158656620274638,-0.237316689230562,-0.235352581599593,-0.106883887984666,-0.706882592584608,-0.769761276304153,0.109917796338463,-0.196009315394106,0.0581699887224603,0.140951088897885,0.135172463586073,-0.0570683264203041,-0.23091010316737,0.00144895087355117,-0.720139377170833,0.0266824910439364,-0.039476148531383,-0.780472128195925,0.0429475724009586,-0.0170365698816593,-0.470015533056136
"986","94403",-0.533090461911947,-0.863310858485422,-1.11880900073461,-0.045043497803085,-0.271330325426494,-0.0303198792926036,0.0533104888122755,0.105002719524488,-0.0284290303740497,-0.0585989132572476,-0.361491762018929,0.00919276593131954,-0.292504887520312,-0.329836459791444,0.237786364136318,0.157308393181282,0.114438717469511,-0.224302842134157,-0.0225542188078783,0.918734794011224,0,-0.170122965348904,0.25993974531359,0.384029530866084,0.122151338612822,0.0839111827186239,-0.0097869177507506
"987","94404",-0.177030395127866,0.657825566815662,0.113751461239683,0.0195308104111033,0.0692764976677758,-0.442786447719127,-0.00910685811159351,-0.146753541279382,-0.253419720559339,-0.16527823966305,0.0194694330762628,0.460096217360812,-0.0693142417151089,0.161581861961775,0.0665055773502799,0.102495322469299,0.124500407302261,0.285978606311038,0.5976976201195,0.147883319064934,0,0.0924644307952827,0.614011363672941,-0.753868236738842,0.0371680444229842,-0.179984489150885,-0.357715994430884
"988","94501",-0.799770618018083,-0.578321827021016,-3.40801791103185,-0.650393285174077,-0.564875393194883,-1.00890450643666,-0.462372800108923,-0.59827998067529,-1.04932030143764,-0.57306155415576,-0.987225814896304,-0.489683166736327,-0.505341284826898,-1.34835757046899,-1.38069210789404,-0.432792906850102,-0.368529230497278,-0.696547127470786,-0.777167603590247,0.275481828990659,0,-0.322489986957811,-0.281029064962152,-0.74006939584666,-0.21895147276396,-0.520253555122796,-0.207160787957435
"989","94502",0.259398943577788,0.177502684468076,0.0145760937267603,-0.0208566443818462,0.127839965827167,-0.0133600452289591,0.111952185481012,0.306685293664085,0.426484681128663,0.183377915977445,0.840295402961656,0.495962580362913,0.0839495143636208,0.418319974407592,0.148187630880116,0.08811191158901,0.167712538110792,0.405820141728107,0.40258788216682,0.537364681493245,0,0.1397448902895,0.897965980829932,2.24845317241871,0.073276637862959,0.396915696920897,0.659999130995724
"990","94503",0.0856247733581486,-0.0161007890679011,0.0727084151803401,-0.0629055159368599,-0.047351615875541,0.0321004258831777,0.00885721686585868,0.0214312918746493,0.130772894447966,-0.183924995871358,0.374130335891366,0.119075981126178,-0.109173742618175,-0.0856830718344974,0.255006794625388,-0.160030006691382,-0.0922496976040077,0.113871871225886,0.132383227975956,0.014296389513506,-0.880343625917712,-0.022175419650886,-0.0282462603077477,-0.34785572922155,-0.0599675632907171,0.0658133692101621,0.0696637599875285
"991","94505",0.0381553070925144,0.23838953516062,-0.0344310447895468,-0.0723606423667577,-0.018991883910574,-0.0615657466126537,-0.0690722883250871,-0.0529680185243999,-0.0511726295020072,-0.206298272699944,-0.152545412964524,-0.0445319875442833,-0.166919370241944,-0.24034626424515,-0.235641705172531,-0.030243802418794,-0.162095955546952,-0.106608090252781,0.162698035374928,0.187216110600276,-0.493675861029262,-0.0343081843589737,-0.0841622644221009,-0.334271000830273,-0.0505621478596186,-0.0344667310873423,-0.162773619777368
"992","94506",-0.282464859055861,-0.490470317549404,-0.502763930136575,0.0823869614053988,-0.344725344032709,-0.459647844667412,0.0943942471941916,0.0430605435766742,0.205067060667261,-0.0248544461399564,-0.251978975923394,-0.387964194303693,0.0838170309864064,0.0858930616515299,0.107143838768472,0.0458524285994682,0.200903102525613,0.332607447163763,-0.0393787599291251,-0.307179511591532,0,0.0002134690019061,-0.18810110641179,-0.362933918673761,-0.154272831016233,-0.0947174161581752,-0.137175592084081
"993","94507",0.261907671679853,0.404311589315202,0.310472416002683,-0.0122180628007294,-0.0881855612049402,0.25147749145095,0.0864073115758381,-0.0720225149209366,-0.0349825306590948,0.157915232951108,1.26499895806132,1.44330315804298,0.106183948949339,0.0627562491635824,0.294520712437197,0.00527912429779424,-0.0345656788815099,0.00883317058328737,0.142345811782924,0.324228256077622,-0.552662356097937,-0.0345512908332423,0.113994356892866,-0.502546205658374,-0.0305100059153109,0.0710099511861932,-0.0582745234388063
"994","94508",-0.103433018312683,0.0219909894356698,-0.115436741181262,0.0484134557261473,0.137301827170606,0.538525130304593,0.089677064306655,0.119981197941453,0.177180385407541,0.0692745467967639,0.114294497004324,0.243249520393374,0.0480026980599004,0.200409317024913,0.0301394748089133,0.016095479283523,0.0785840408175961,-0.0635543160182171,-0.10887420195557,-0.154561816036064,-0.174218448239352,-0.0478144296618752,0.0221494178459361,-0.0676403191036877,-0.0243222350122503,-0.0141544452737831,-0.0715381419410503
"995","94509",-0.0336991303593559,0.990106878334504,1.42433362639166,0.16375475426465,0.300645296556526,0.699739063614875,0.147175310512529,0.164387288598024,0.189125446034567,-0.0735736136390914,-0.388627502038547,0.148532044014384,-0.0546061733979294,-0.0379938815497937,0.0242329166767105,-0.013152695009036,0.0335591997226102,-0.231259658897567,0.572971439225336,1.62900172015566,-0.582081236229617,-0.149094105330463,0.329417846652931,-0.226104016726124,0.0495696484728018,0.428390575933848,0.640374138779941
"996","94510",0.103756345484358,0.443046474437864,-1.09535439844715,0.183300756676553,0.000896390943862778,0.145073610215344,0.136791075412097,0.180408494291317,-0.0187873807328817,0.267962088437203,0.630880615906651,0.667884589650126,0.212954055748986,0.171960157804143,-0.043252448470838,0.0609709765741964,0.243148487890856,-0.197011950014102,0.290058198975288,0.230828252019563,-1.39006921156621,0.372150607049518,-0.104437233486543,-0.624118216385937,0.255842998279348,0.0145469850112183,-0.040624703064574
"997","94511",-0.0391630972372534,0.202592719666819,0.0152670995277653,-0.0363818897498866,0.0168199478596965,-0.0929082466995237,-0.0585796567120377,-0.122658782110225,-0.0913359511145298,0.0333640269106916,0.0906674154166388,0.0874639685031824,0.0158845485155994,0.205080264844958,0.230998360114457,-0.106448231572835,0.0145771922681382,0.0141869777812637,-0.0784012713724704,-0.343930830666928,-0.298346720189561,0.0578050682633068,-0.0567125418833029,-0.105303138549053,0.0561228697521486,-0.00879553826114887,0.115758271743376
"998","94512",0.00305132718454712,0.0216450608060922,0.0375487845953376,-0.000455449461473607,-0.00451613176254101,-0.00726393186860691,0.000666798714677217,-0.00268278785758855,-0.00310802485857519,0.00270851842412789,0.0134997088952828,0.00476008773283552,0.00457753103692541,0.0170318948913335,0.00633734473263251,0.000383899295971428,0.00504639698477605,0.00344682597020605,0.00221027843338908,0.0088784796093852,-0.00526450764612156,-0.00669038488964869,-0.00927447381476917,-0.0130828803381231,0.00216624543485997,-0.0136546608645414,-0.0110373347845249
"999","94513",-0.210735976487413,0.260095076955054,0.0754129799911915,0.0484068994560966,-0.145719452671911,0.109122373767505,0.144583269193999,0.108693338494859,0.152003799488435,0.118405409876421,-0.311984484048334,-0.735689419710185,0.0339994609878479,-0.205307952505523,-0.0480640444274278,0.26108919275742,-0.0569047912466531,-0.289545597068395,-0.225126776779106,-0.744975636260684,0,-0.113258005706085,-0.925786465760856,-1.11899110925965,-0.27733515949522,-0.395212866291308,-0.0814906043468573
"1000","94514",-0.0238232168319084,-0.0185381301535062,0.311829323445406,-0.153210139210007,-0.186989376292925,-0.127783875491402,0.00562508501193709,-0.190649026911177,-0.140907440867287,-0.0307624229759325,-0.0138199517847195,0.651219680111584,0.0958030936163395,0.0247007970675872,0.233632657859663,-0.0532677667737967,-0.0922053512383291,-0.048713010410442,-0.071238368018208,-0.153959573454471,-0.0450424111477333,0.0515130325876155,-0.0341372733876283,0.0806005197147095,0.130040505978803,0.0430400914741632,0.0253949204443921
"1001","94515",0.02243661518485,0.541306774028908,0.344073211386446,0.14889588267757,0.383409349383216,0.58783309229519,0.0698303850487798,0.237611817110089,0.217202293684509,0.180215271175002,0.352292400537553,0.34811413349568,0.18531425184121,0.113647125754092,0.357644264791936,0.0621868979805363,0.0451488392496326,-0.0502110981886752,-0.218973750261172,-0.286154421696645,0,-0.0696323654046022,-0.179118961866447,-0.0565086524568504,-0.108056421757326,-0.131140992394126,-0.162980677582929
"1002","94516",0.00249419487615028,0.019950832739153,0.0326827890996147,-0.00281976965822236,-0.00774107625568578,-0.00923957754625899,0.000511386667461547,-0.00356681514646201,-0.00415606923254721,0.00125655229079911,0.0122664879750556,0.00218471117134437,0.00276515038231272,0.0159229668039495,0.00550489396441755,-0.00231970907691643,0.00107732279176412,0.00114167532934448,-0.00189228261228338,0.00724840803160802,0,-0.0101933191709865,-0.0181758374473305,-0.0214649731125314,-0.0134777504822615,-0.0146119238773246,-0.0160058991199464
"1003","94517",-0.0344615430474368,0.161172621355187,0.443333071063407,-0.0454441835505317,-0.00666821261834693,0.119391966920009,0.00310773755303988,-0.0594890242934871,0.0784072425257893,-0.104652152247865,-0.12136219350137,-0.238496032150401,-0.060268337338777,-0.0946225342038103,-0.351341013000942,-0.0919034790184977,-0.0370178320069937,-0.059870021114878,0.0855816496809828,0.118356884919685,0.283420815943342,-0.00827825314104316,0.057485969499363,0.157179277049125,-0.0848053573554387,-0.118206649907561,0.0111356560810953
"1004","94518",0.0110448369814747,-0.585713576490537,-0.38348249302296,0.0311245965972706,-0.294491126898903,-0.154708013379267,0.0858928942598767,-0.174661890653508,-0.39008038653641,-0.730351406761296,-0.95020906732742,-0.994442184546256,-0.273509947682058,-0.506500341692629,-0.444562528238365,-0.0635007283350674,-0.310867424708657,-0.290059058364504,-0.420839514571811,-0.295637807429079,-0.223169962265271,-0.272311864869015,-0.502277645405078,-0.289964547120986,-0.217823321859326,-0.450330427969995,-0.435911260575853
"1005","94519",0.166426980740241,0.0914452727565135,0.0989081927568148,0.0632213944628792,-0.0556790470024082,-0.154980696906837,0.154520054057853,0.26380688735065,0.129565190109426,-0.287230112731016,-0.312611119158377,-0.281088048335821,-0.114505174583043,-0.329440950252217,-0.484061561164656,0.0147093679008089,-0.324698727684138,-0.395629668491394,0.00200372495756662,0.190613110505213,1.10745168153272,0.0709349744157062,0.359591584263029,0.805166365186221,0.0483320796657775,0.0414898688237245,0.495112043217219
"1006","94520",0.170192306510672,0.643834150612738,1.09305300025629,-0.0202364417328209,0.444846840919419,0.637735598603719,-0.174798647255791,0.0152055499757868,0.0600630460906916,0.0938953786450337,-0.570597088269968,-0.138166960229868,0.0430086731037866,-0.330352396914619,0.176509900172934,-0.196646080943382,-0.344865667750082,-0.0708489226136565,0.35907282984593,0.62047489270946,-2.07870949887896,0.446536043738662,0.340737612163558,0.605749901039128,0.143877211477292,0.429955781509251,0.572667102304055
"1007","94521",0.501518035401753,0.482854786180448,1.03747207889757,-0.257200304033309,-0.172875048669242,0.0732070874274831,-0.123908604439992,-0.13331030968401,-0.157046484292175,-0.0106079902883361,0.833841440236666,1.11526604034147,-0.139309294678086,0.376531492001519,0.581313020198782,-0.123315955402692,0.0521827917371343,0.263741353859132,0.100232064127981,0.175626690633562,-0.0886067537919873,0.369402349669367,0.823380054338359,1.45486866735877,0.0521401367668109,0.0389105804896671,-0.80704325793545
"1008","94523",0.166820251674676,0.697770891475111,-0.370019703300886,0.282929546164668,0.341746078110881,0.753766216031739,0.13197618236905,-0.122130098259916,0.204526989653759,-0.156243122098145,-0.209903257979811,0.0768837183112148,-0.299896524335544,-0.156199151277625,-0.137187441169073,-0.297463897177389,-0.224229837450356,0.0267598796920367,-0.248353549377171,-0.800603359949992,-0.309205977138039,0.366306643006963,-0.157840928115403,0.550057706410249,0.062144282783784,-0.215681282488147,0.261024077017022
"1009","94525",-0.00413511445179876,0.00707336695039941,-0.149386552239784,-0.0375133545366097,0.00467060222012745,0.0358198983262586,-0.0795766026239295,-0.0493028400330729,-0.0375578095571922,0.116038062897667,0.237964419037401,0.283088360558114,-0.00452736378109656,0.0488290956974651,0.123454592529302,-0.0322971648453851,0.00464000347801611,0.155258770816046,0.289058396988251,1.11726022054282,2.62209706738454,0.150233007086963,0.380920183658524,1.20278169116331,0.0238842089822215,0.148663294679345,0.185088893980194
"1010","94526",-0.383857059006573,-0.202532739902938,-0.168053116859757,-0.0923719474156934,-0.0359320283816472,-0.334562068494087,0.23761437479101,0.0980148765462464,0.241269706917235,-0.0235066281493446,0.110112693969175,0.341472926888855,-0.119000776250887,0.17036244061825,-0.216722792564561,-0.206142193711557,-0.0485215927843269,-0.522039468571025,-0.0593449596799333,0.580936845216112,0,0.0521539331205238,0.177617896549411,-0.0485701651438536,0.0354086248975221,-0.0234274859366027,0.233081066373587
"1011","94528",-0.035024791720446,-0.0223710119792823,-0.0111862583442558,0.0480939401509561,0.0767437854879346,0.221085333100352,0.00546972615339607,0.0438823354483979,0.0795733894353662,0.0329647268452056,-0.00469934732363125,-0.0176973599792628,-0.0135003086524446,-0.0622124804423856,-0.0749221569349435,-0.00936020691694941,-0.0444539628449684,-0.0491832838072878,-0.000809757678819555,-0.05365107096504,-0.0239619871919333,0.049289959202653,-0.00419621730666987,-0.123241063560372,0.0285192636875876,0.0459989539258963,-0.122983998962774
"1012","94530",0.136480403340487,-0.340445095919316,-0.412246393017809,0.145419556402172,0.00911631038970525,0.450636072550018,-0.0256589298670867,-0.117387389955876,-0.00319362500243432,0.404653587719968,0.342690440610188,1.78874005822065,0.240458038063732,0.372903379680995,1.54141828143295,0.218904646609911,0.287358355226911,1.18971710223889,-0.109074512348875,0,0,-0.284214311438614,-0.600248416996092,-0.144355552769843,-0.255925494961431,-0.80101154923927,-0.042754345051407
"1013","94531",-0.14126855385583,0.353847402590953,-0.0374934977719562,0.173300492098478,0.294391952695681,0.728110047229635,0.022808513630892,0.0513352541738551,0.0356063351728995,0.0600470953677717,0.65899725346882,0.750655920882446,0.29469637473796,0.500939195666733,1.02019826924244,0.0980657040690624,0.319320927336141,0.482548648160494,0.0181878265474306,-0.197119574437322,0,0.0278652488024928,-0.159111970440086,0.599617797467367,0.0572657535712606,0.00539235878609438,0.407124460089405
"1014","94533",-0.00597076172348699,-1.21156683537946,-0.18140341028733,-0.157687840023832,0.142046320962193,-0.428356018417854,-0.0366837850566566,-0.231252149977514,-0.0994001932088327,0.242697408077062,0.485507904103385,-1.03303022812763,0.363492602696031,-0.151196728880723,-0.472742544066721,-0.0172102761631833,-0.28568205954511,-0.286619197316528,-0.0366163764112071,-0.336368440391411,0.420859562707563,-0.0379940568433521,0.135797249792768,1.53813892573517,0.464116140002373,0.703052053887084,0.652623307886666
"1015","94534",-0.11582689555749,-0.627713038022297,-0.0855426370219808,-0.195071286196887,-0.0338322865353257,-0.220709286295964,-0.260445340525858,-0.148068838623598,0.0807440840172281,0.000702462687560945,-0.303725643329213,0.368965948664734,-0.0239526776214214,-0.269732178196441,-0.0364131220724515,0.0225056571991852,-0.098794190392137,-0.18486997036925,-0.153014972204209,-0.409944604811082,0.75362435665314,0.0626136711839771,-0.567353701752969,0.489139781825814,-0.0657343172279082,-0.254065960896314,0.0757522598064503
"1016","94535",-0.0251374800820614,-0.00971979004130773,0.00176733688616314,0.000867100895729479,0.0193789744507048,0.0806953358022253,-0.00540205138799592,-0.0115737786603166,0.0170641337407133,-0.0328963182557347,-0.0183294760355569,-0.0338124546364222,-0.0406126159381816,-0.0233123269903703,-0.0362147272646263,-0.00311659869342704,0.0331955163444124,0.0284603238120639,-0.029291066877275,-0.0104314664553805,-0.057743964146477,-0.0342877970997055,-0.0455152873191075,-0.063778427540482,-0.0189790695394475,-0.00712984309396432,-0.0507041059270191
"1017","94536",0.498018375515166,0.4324266182739,-0.142156067870964,0.0354771942157571,0.356114351706858,-0.184018134248025,-0.0810331089297584,-0.0232999055462954,-0.272088570790645,-0.0511265021957608,0.0407739020843891,0.062779322183748,0.00944934468126049,0.282020794933223,0.333626721857796,-0.0926416989314354,-0.192100097913886,-0.00326545331566279,-0.41708910161907,-0.983732620671109,-1.52316911472184,-0.501375368272607,0.0234729660417884,-1.29445848069525,0.0877066094520846,0.136271378590438,-0.1165268887119
"1018","94538",0.702076291028111,0.129300313475306,2.33627664117493,-0.10308344206759,0.974202859539856,0.227765228804145,-0.0988123624177487,0.451542376223139,0.139951707033485,-0.00651993167157265,-0.116524976476079,0.535059010992244,0.128753733882374,0.104949148498166,-0.715340876116565,-0.0557086598857939,0.187205709454198,-0.202233690299337,-0.325399174241895,0.167595274200144,-3.07343309608124,-0.272127110199075,-0.249642793459196,-2.87112308932506,-0.200298549902364,-0.305664954239239,-1.77047576923529
"1019","94539",-0.0808098652337221,-0.332002511106591,0.115834084471412,-0.242593564496711,0.0996832932321409,0.392581934783344,-0.175665689797702,-0.221601502938246,0.216512804141122,0.130236231062817,0.0139312157007086,0.576551374401552,-0.15169654775887,0.174997328556296,-0.00269552072824929,-0.049187612731652,0.0221832119470316,-0.224479312778689,0.15325550594533,-0.295218665429178,0,0.125222996680438,-0.0977645704626802,0.132721183867061,0.101141296943115,-0.135474796516392,0.363836880850582
"1020","94541",0.359278560878509,-0.234314693761984,0.647444382169975,0.158803608742438,0.0858842849582081,0.0243086162273196,-0.0431983130580192,0.207169859298565,0.153881061751963,0.371678542993234,-0.707608097021074,0.0322202748414888,0.0418404497332755,0.175971530626906,0.144252057096171,-0.389641609760734,0.203319819144965,0.294336209901069,-0.0708128021689898,-1.27043628893383,2.95233280586658,0.673324966649709,0.252465864721535,0.345402798993781,0.365732091785331,-0.144296480923081,0.0424172255458306
"1021","94542",0.364598940271476,0.871000314995343,1.11380164838005,0.183951895851207,0.250841446424411,0.767014774257664,0.0609667035525099,0.148459058917379,0.361068535427836,0.374521669469742,1.27274271442375,1.40300762776779,0.0560186440699535,0.392194495525422,0.805304980211495,0.105845574958677,0.166575422980618,0.361635809318528,-0.0259837837741732,-0.114847566048865,0,0.033155405849124,0.0516560931480034,-0.451264702618435,-0.0701975811740304,-0.179768888135843,-0.250147510048819
"1022","94544",1.91389853204742,1.31205373165677,0.794167263899369,1.77155709388547,1.25798631945785,1.05234535940103,1.14714862077472,1.21921986023249,0.814584858772056,0.931015264087471,1.1211976672596,0.345738947877802,0.0336942327558611,0.187609908601297,-0.082167581157375,0.131905660768011,0.732797848020575,0.263356602745161,-0.608592017919938,0.532138623446994,2.22390114363047,-0.269651686414518,0.71987766174506,2.44254067199306,-0.322170429743135,-0.219792753862304,-0.755783400543369
"1023","94545",0.366051158310834,0.789506463004922,0.146256616335291,0.0230354969999473,0.546897240544385,0.568968981683567,0.17365523549788,0.239281749240833,0.144248061676807,0.281277626438429,0.79785769417917,0.980464459513479,0.0502456903402871,0.0664747976963817,0.517446188483071,-0.0527271547427339,-0.138428541288073,0.193266202654237,-0.143201454889313,-0.154008294743501,-0.113281481059801,0.128154399161456,0.208969517876588,0.822552848634511,0.201981027369427,0.113716813865133,0.317567341753738
"1024","94546",0.120013775899909,0.597654951161899,0.691080648279182,-0.159670492364699,0.221093303862563,0.0710697096289967,-0.145409246508041,0.293074145316434,0.265031945981386,0.308083740148403,0.64326732998497,2.10556239044144,0.258386342532243,0.585426863794624,0.184970698176173,0.00957028829107339,0.25967353899174,0.157222277910473,0.765305097523849,1.56978978822204,0,0.358363379463254,0.572380208725674,1.30625996813565,0.293926340776926,0.61122621408629,0.737181363636283
"1025","94547",0.657655989003421,-0.0716356093736445,0,0.17670630162266,-0.108396593255253,0.0411471066540181,0.045299573863969,-0.137158285417001,-0.055281093349984,0.235229969249796,0.139966996764931,0.165420302456546,0.173892368837445,0.214599385536326,0.144345527178837,0.172164869145906,-0.0601256599944062,-0.0513379140739775,0.10803931491821,-0.814935702896009,0,0.134353953600706,-0.153332334360664,0.0195879781919307,0.202999805673128,0.132223798652355,0.185880233089325
"1026","94548",0.0743935713245517,-0.0621850009666798,-0.0376139373179605,0.00865613605720612,-0.0615595665650863,-0.0611708212212962,-0.0139890194899483,-0.0263012451742616,-0.00178070344563809,0.0957066334585813,0.0912882826693523,0.274530569847679,0.0158450693848379,0.100103780295348,0.0601253719688932,-0.0141413001247594,0.0355780959311677,0.0100696237772472,-0.0269897035033285,-0.0154993550934739,0,0.0130298185974305,-0.0372784691124919,-0.0389496243507061,-0.00228723075635321,-0.0197383463637,0.0260228802228236
"1027","94549",-0.199279766850787,-0.00412970676907948,0.0789062944069901,0.138006632196046,-0.0490719022941761,0.361693993513153,-0.0151410869115606,-0.119428548819791,-0.0714250995647683,-0.0492941131912601,0.0622004613327,0.954034955072123,-0.0451916766184164,0.0646131464392758,0.242373388158491,-0.0642243419915879,-0.118761640965893,0.0941192744906572,-0.14059329610669,0.223830200316947,-0.101955579548642,-0.299956507989154,-0.099507936291036,0.213040005574119,-0.085309827862251,0.123437060209783,0.457680556125999
"1028","94550",0.690322847022725,1.16609438659081,2.3102312063891,-0.234011562705385,0.521770429217199,0.4265419251431,-0.117902435047888,-0.0622133098090459,0.0634115527637324,0.54720191995586,0.867714653064695,1.45497850814079,0.230719132634112,0.40934260584329,0.370122370008459,0.121901625189459,-0.00905445238362226,-0.0608808839946718,-0.639812893950762,-0.234538001663307,0,-0.0480115852431153,-0.326833238243645,0,0.203163226813404,0.233202569083911,0.573381077690376
"1029","94551",0.102859773813253,-0.159854727602156,-0.573276242812423,-0.0876959369627752,-0.0814843009557274,-0.495307108886928,-0.0677925434151988,-0.0865172019173159,-0.289684010897389,0.0555634015643114,-0.397253221357982,-0.466162895961474,0.0360610017675672,-0.0797780047587516,-0.122647827381258,0.0149985425069072,-0.185923119423106,-0.30685206907605,-0.0710830303376846,-0.714073816396229,0,-0.224459825348877,-0.389313084553148,0,-0.0244665457096753,-0.0220634141309668,0.236534812179449
"1030","94552",-0.0769961207521868,-0.42071344331876,-0.379515572761957,-0.0468619896252648,-0.0963981551150004,-0.415247228490009,-0.0807399428997991,-0.0580152737030481,-0.281780373890599,-0.0247939719657751,-0.213350195358682,-0.416744437115269,-0.111341655444302,-0.18859015945536,-0.35815232148687,-0.0352395936615137,-0.209627870929467,-0.260978298623408,0.259155403122089,-0.0613618626282169,-0.725628250764037,0.100858932738728,-0.123841082814242,-0.634301641711163,-0.00597752269450659,0.0770091078275781,-0.307258865956297
"1031","94553",0.272219182186621,-0.297199240503202,-0.2339448441487,0.13363416887902,-0.399247790545668,-0.190461301614419,-0.0762129491468744,-0.191875403493226,-0.434778540206531,-0.466870360972282,-0.693359610816486,-1.0288401703896,-0.0314925012334785,0.131932637760564,-0.352234015548397,-0.0495674715563904,0.0129404372178797,-0.488869843523279,0.00770348394590915,-0.0634975022417667,3.87502051545449,0.275310699923302,-0.32476032168756,0.844547410722357,0.277526545126644,0.254986154184968,0.616713192938665
"1032","94555",0.30924572217601,0.251357471859874,1.30602751036239,0.0814904246760088,-0.0416383392201935,-0.0504992156013587,-0.00441257593412239,0.0137449665240972,0.115653174881281,-0.00406221605337148,0.294468547568218,0.132751783460542,0.12412662901467,0.3988986679329,0.108972289830616,0.0844062273206276,0.146483925159754,0.418480123319899,-0.0862186191558333,0.418819357195067,0,-0.0364635739475908,0.0386447837392653,0.38295512681921,-0.0487430063784002,0.0226129233146766,-0.0238813485188008
"1033","94556",0.511646174370589,0.596202404967077,0.169329308191703,0.230119728921504,0.521496415178182,0.524239750409395,0.117893989627084,0.389029449952147,0.202321762495116,0.104718127627184,0.624050353286171,1.71131017969719,0.241531736106324,0.461808806310754,1.00034056555648,0.0658484127094075,0.270297129541808,0.433331682060353,0.415781595649427,-0.659997044488665,0,0.203990473685158,0.167668225949358,0.431141396654274,0.172821280377415,0.0832807085340278,0.458062046738398
"1034","94558",-0.533293528310531,-0.812057845125389,-1.40207477413117,-0.759004944652682,-0.749325091055478,-0.649202548449946,-0.491050065431295,-0.584028680231608,-0.594333304972598,-1.14604443059283,-0.934827706518179,-1.37092065159775,-0.779174855801423,-1.21431289441779,-0.994029289109406,-0.419193488125995,-0.766410702741842,-0.26910391140733,-0.151998459633195,0.712448025444633,-0.33552015339272,0.0940785465025314,-0.0988698355760505,0.155431709242845,0.292172600069357,0.564101795427807,0.771004844476762
"1035","94559",-0.294043759346487,0.334723195962461,-0.8641548971417,-0.113726121800337,-0.158833094160333,-0.19311356155288,0.140812928660456,0.069761986782313,0.805721866933116,0.431687451464117,1.31251867011259,2.21059613482736,0.107418862842757,0.644321395234386,0.925938269251,0.167428898932885,0.394772487245348,0.751793724241356,-0.13869300050055,0.139147431187428,-0.260140798585733,0.319645131797367,0.541305086271659,-0.620475820791238,0.273096589811997,0.70027336930605,0.773121055603416
"1036","94560",0.347499438854771,1.02109426145101,1.77602941695257,-0.189887299471794,0.333376313538249,-0.192179210179119,-0.188180948770156,-0.0399351209408205,-0.173548515254097,0.208479902768888,0.350038493953996,0.485128309081007,0.0260664883310399,0.602453511460929,0.164908419757751,0.058662083600968,0.16692793192237,0.235811034509309,0.514391521304791,0.479520944855323,-1.09112374692534,0.0594401666801945,0.283619475590655,-0.952984330531349,0.0539951582859345,0.00158597585636262,0.255493785009402
"1037","94561",-0.513498083201456,-0.405525036960415,-0.468105501912754,-0.241682718454385,-0.404426269945541,-0.698288389816858,-0.068699955372969,-0.357772650205198,-0.252808113981559,-0.178656797515683,-0.472044964730464,-1.03663848223346,0.00595050589710749,0.115404305586156,-0.455604030372214,0.00710372369705012,0.140597099457856,-0.0593938156646757,-0.426152980895824,-0.812601059516506,0,-0.0409430602735957,0.0534898829848206,1.51985857459507,-0.124180528412332,-0.161506950441341,0.259277642649479
"1038","94563",-0.378488799418067,-0.454769816947167,-0.660898950393792,-0.3068116766117,-0.162491715037806,-0.215719155849972,-0.109974377334085,-0.00573380226576784,0.204301320618953,-0.0567069384749651,0.0838707468438127,-0.459222567074493,-0.139139175249563,-0.30033444757224,-0.578628648056347,-0.109605123606473,-0.162213198898629,-0.288219655810612,-0.0573610995277489,-0.447808546064316,0.229658432800842,0.0426162231054907,-0.31364162990368,-0.0904552473496532,-0.0667737623790955,0.332745999741554,0.732595894721476
"1039","94564",0.0660070762943121,0.166801897679554,0,-0.0770505315477611,0.0581701017092041,0.142410557958216,0.000119210764884194,0.134281287161192,0.201947289065656,0.254762259551283,-0.305685557393857,1.51583179798196,0.0571888266524913,-0.0217325299681898,0.159844034381425,0.23829222563494,0.239049664023017,0.429193963452388,-0.0816358354852656,0,0,0.0248841116718282,-0.268388202637995,2.26362515325222,0.129044288849166,0.115219484583218,0.535516221219855
"1040","94565",0.629747140132308,-0.260335009316004,2.48075658881305,0.0195623270307943,0.0207733833056955,1.35018212733281,0.00726836423909502,0.158962463768002,0.377769211890384,0.431150604910878,0.675992282002758,-1.06705768399562,-0.00715411529114383,0.435204009896594,0.816466759907223,-0.00798790793265325,0.18677629946326,0.109233392624527,0.875535248934481,2.46902896547515,-0.106148512477758,0.677913151849813,2.08091862794093,2.73747303374543,0.562214912002065,1.04213503790902,3.13815571070421
"1041","94566",0.206936413182497,-0.311243118606181,0.540557754984696,-0.114024807103624,0.123857313991454,-0.124555736647739,0.0987098475395215,-0.0580661678326963,-0.394857934657302,0.148241366620106,-0.338987603655801,0.24118255872106,-0.210198391771235,-0.567047861109589,-0.561715565767637,0.0420551057636649,-0.246311616623535,-0.290134641819808,-0.719692503707615,-0.966871136986433,0,-0.392218094335803,-0.0570555654652287,0,-0.236506044446958,-0.0407770811534708,-0.310768516743444
"1042","94567",0.101929452087462,-0.00450961080278722,0.00887206202988829,0.0200513898133778,0.0734034459841011,-0.0428078237492848,0.0148711568028255,0.0407114178138788,0.0158172857384808,0.0465968557344741,-0.0105730744963835,-0.0223368511044353,0.0332418232180908,-0.0196166957675309,-0.0232596095190296,0.0285370534443554,0.000106769493835155,-0.0332873564060263,-0.032200146473582,-0.0210711976070289,-0.0300634387666365,-0.00958520221422423,0.0195339166798874,0.0701430796509536,-0.0328664462409649,-0.0162178686074168,0.00912292774131381
"1043","94568",-0.0484852488716429,0.477934690465083,1.03861382962715,0.148980248291512,0.185797898301494,1.10660521394337,-0.0122446979910295,0.129308969717303,0.354307116479292,-0.0751515145223572,0.667829365813685,1.40556438732375,-0.134596902452612,0.108967142635554,0.344336282191123,-0.007377326927144,0.211005416200955,0.255148308504455,-0.116906889541839,0.166615871956656,0,0.114787939570398,-0.387788048433221,0.965380790028145,0.0592077663649993,0.275466409394448,0.0456459298497503
"1044","94569",-0.00803847497085042,0.0205071609000497,0.0370615198608781,-0.0130062774855477,-0.0124472826262344,-0.0122506186674675,-0.0100832356123255,-0.0104398897007867,-0.0105235223246715,-0.00211132650997735,0.0096969622800611,0.00371118504305777,0.0218792849968553,0.0121563429355984,0.00267487015694408,0.00194096436712094,-0.00725010065191081,-0.00383191724201655,0.0486101644119795,-0.00511413310631823,-0.0222625244736988,0.0043695116128086,0.0688184912299485,-0.0263527721750898,0.0138699087735484,0.0102252741534151,-0.0226946457037027
"1045","94571",-0.283052755049261,-0.237063834021714,0.0862655641183557,-0.258682028906056,-0.200431726426984,-0.0722444765203926,-0.176644209959189,-0.0889032978205113,-0.0168344893858667,0.0683396512864717,0.165727077201237,0.046429514771562,-0.0984606751815245,-0.255218432996192,-0.130970192209107,-0.0786206999088121,-0.23195006953747,-0.131611750550542,0.103616005964472,-0.278870186153048,-0.193102334604788,0.13131523625132,0.186912157510912,0.00559885554272925,-0.0818006519991993,-0.0657019095384672,-0.0201253353359174
"1046","94572",0.453222366453903,0.880342774881886,0,0.154753055901087,0.0020902317113563,-0.300880403640356,0.14355637314622,-0.00920448383617175,-0.0410329065795896,0.0836374081438577,0.366110778305992,0.210882153337991,0.0467679096633969,0.113888847946998,-0.214289124023722,0.011386088111761,0.0843837320377558,-0.175452067849295,0.376117462001292,0.340272436669317,0,0.250768602596207,0.0518001692530262,-0.572134365542871,0.184399975330812,0.0654767072083877,0.300141048552471
"1047","94573",-0.00906779309103608,0.00612871741661268,0.0160782213028009,-0.0110986988765958,-0.01655996538796,-0.0203994293166349,-0.00817883983544073,-0.0147071308115489,-0.0220337478558917,-0.0117251716234578,-0.00818089075988199,-0.0167343663876448,-0.0129141812247368,-0.0135191671468001,-0.0287595686481909,-0.0124232395396352,-0.0159289169521159,-0.025773314898933,0.0969696770810952,-0.0586610563847446,-0.0660394386671032,0.0284860017020922,-0.070392123186726,-0.0643113776977093,0.0150049812801891,-0.0129303326457478,0.0285090967454066
"1048","94574",-0.0916406955371269,-0.000209956910281507,0.542680255621275,-0.104773846220956,-0.0289336269563909,-0.106712737321306,-0.129212339518358,-0.0992215685815669,0.0570407693484099,-0.0697227084401287,0.0053132214027761,0.524625373649066,-0.0293699959400948,0.0757903029666894,0.0212346827743734,-0.103551480430204,-0.162376655697993,-0.133014067923741,-0.193784786185171,-0.190142822120031,-0.511689920644047,-0.0620807371856711,-0.375158625651059,-0.379000658662779,0.0413345494941662,-0.169479353779107,-0.232332358694812
"1049","94575",0.00117322177246495,0.0176326212116431,0.0307382689337111,-0.00217520725228907,-0.00745890769227577,-0.0109444751904112,0.00146432812003138,-0.00370103509085562,-0.00629648793177782,-0.000253804022769542,0.00853285907086388,-0.00357257433356033,0.00289753105063658,0.012321622329929,-0.000728494988262008,0.000568383197635948,0.00351474096767977,0.000461900364037839,0.00235554523529403,0.0121929854769838,-0.00821171691541541,-0.00219219932078869,-0.007158723978619,-0.0137833308566397,-0.00646409294723253,-0.00706344035169964,-0.00762541159093697
"1050","94576",0.000153723688081551,0.0213490390703778,0.0372455976494517,-0.006241305054255,-0.00793186544933798,-0.00901094314969035,-0.00584874728105131,-0.00813935756609667,-0.00551593098492355,-0.00724101890168247,0.0127277877721629,0.00455246409872355,-0.00686981704369435,0.0155353247903515,0.00552491214384471,-0.0122806290879477,-0.00425475529429466,-0.00309498490767368,-0.0171285537608328,-0.00747514989461518,-0.00546776677409406,0.0131831290751084,-0.0174097899768154,-0.0133792420348951,0.00884923392054641,0.00758666811773277,-0.0169499921534326
"1051","94577",0.129952080045667,-0.637879604840347,-1.61341129034592,0.105596052171401,0.281275364683975,-0.391338663581756,0.202464105390962,0.325531051729766,-0.267103852458054,0.701731157302493,0.97561000535963,1.07275705051505,0.0758869389531671,0.0922461261549072,0.371631955092248,0.0655044451216147,0.390204436769169,0.947592762777013,-0.639413122470249,-0.683960078065069,0,-0.35823556461316,-0.540704749831806,0,-0.128277193440483,-0.0652469966252709,1.31613867819834
"1052","94578",0.73608018520972,0.456792880448522,-1.11733921214202,0.178876358903352,0.380827057174125,0.0979867501912953,0.209758426238881,0.313713187441799,0.285110806638799,-0.0396119636394524,0.0703104834100824,1.82982709938936,0.24893061749567,0.466071857386261,0.0412181307648219,0.218953185686182,0.255296467085066,0.975815390662685,-0.718566605635797,-1.52560047320602,0,-0.0842551126451467,-0.89280539797217,0,-0.0790953734237139,-0.274287299075349,-0.0984206462821511
"1053","94579",0.0190446411236327,0.227990332279018,0.410561970783408,0.0648650045826839,-0.0133368336354161,0.602276276668183,0.0392908795168286,0.250797144270226,0.698379147904889,-0.189201092060583,0.403975103512847,0.870538779824927,-0.150234730698422,0.238350900399089,0.49919838646603,-0.134324734645702,-0.116466315746016,0.102982206791043,0.12856985341289,-0.275646213221369,0,0.17793976045732,-0.386543454358971,0,-0.0635810211480078,-0.380243830749191,-0.497044478597888
"1054","94580",-0.0427622157156926,0.556376321227198,0.213918186670118,-0.139883069431956,0.180327435229378,-0.158767132069406,-0.197354363746487,0.0182080574583164,0.0318559779466456,0.198442227176943,-0.281090373159761,-0.091979843225252,-0.121355447232371,-0.59341841446289,-0.770007117855629,0.0353335333221754,0.0733570037963531,0.13402350466011,0.124412709956735,-1.41799039424865,0,0.0182048350446362,0.170220238406922,0.338337648243925,-0.0517689754758937,0.0431018898765907,-0.765115084075052
"1055","94582",0.1611090826445,0.0957929951134729,-0.436249785082682,-0.0641287257472114,-0.0754163899864359,-0.330082263593762,-0.0984656420979772,-0.218246048918904,-0.206086694547345,-0.0396652140391517,-0.114248352765165,-0.23249884552341,0.00967901809558472,-0.0316804719507007,-0.47920558569415,0.0811688112643442,0.190949421661936,-0.0626927916992548,0.173287163702331,-0.36821777092125,0,0.291545122458025,0.0991180781503815,0.256145530229942,0.13153060323123,0.203811436443694,0.160082023060752
"1056","94583",0.087289456976742,0.0172514424824734,-0.158386601710477,0.0302504858359621,0.0682816447976817,-0.074589626037186,0.0322122913785359,0.139986975528401,0.34603791466591,0.196348478184875,0.161147257737812,-0.13244916093041,0.000544186155416202,-0.0271876656996348,0.128458896493917,0.0293441644230276,0.0264225161162365,0.268127153351361,0.2467308735205,-0.416625577089512,0,0.220234550047931,0.178026037263336,0.0819584906498498,0.0377808856507988,0.0264215923897906,-0.207957769544974
"1057","94585",-0.118160445518862,-0.474677489021605,0.0782075052760438,-0.229915591829132,-0.136756164401264,0.309049626407857,-0.134929737292607,-0.122085732572937,0.0742401742273099,-0.0743104797739134,-0.425738645121536,-0.371818651036804,0.0253858405052019,0.119580119748886,0.364180123019237,0.0307186820588548,-0.0596236478145461,0.290149082611118,0.308757741845428,0.39327838653457,0.0102368051650531,0.103429947579764,-0.0253485746361055,0.0970402047094659,0.0928349794196704,-0.0180034366273331,-0.311326873956973
"1058","94586",-0.0643041463966974,-0.0526208549376104,-0.0543404118617995,0.0325703530361274,-0.000205180908315046,-0.073915613514672,0.0010055506249225,-0.0287395189584452,-0.0699271055134043,-0.0654805268505487,-0.0721468837312024,-0.0817773271519647,0.0399345925765938,-0.0826049825400707,-0.09940192902739,0.00290616192555143,0.0167865768147616,-0.0654791163939998,-0.0445566327377123,-0.0426610480251901,0,0.00652587530518306,-0.0560103641173244,-0.0857411615541595,0.0248968177903192,-0.0272305152424138,-0.0647802957712068
"1059","94587",0.450503152953749,0.368935202241519,0.394311471042609,0.539443668305454,0.185554870369656,1.09269251690564,0.549964375321209,0.545543898021517,0.53199376455282,0.943549469509911,1.47532943718733,0.160246910721638,0.61005059656213,0.931592498675338,0.782964024013314,0.257505311776137,0.582770412394156,0.784188969499481,0.508543448920125,0.596217922598817,0,0.205467829797084,-0.22482256891268,-0.714141360143348,-0.0511131608676973,-0.384281994719657,-0.658636232563179
"1060","94588",-0.129479753329221,-0.455173585662426,-0.794726557407251,0.0719448868605199,-0.0123703431211504,-0.414215184734602,0.0560798126955709,0.14225124471267,-0.194966654906596,0.0854562475680447,0.00161315542185265,-0.492321642399018,-0.0608647835883955,-0.214232449786843,-0.514181526516391,0.0998392383549271,0.00413936020358592,-0.13293289736924,-0.152598444332773,-0.513273287624575,0,0.168089527267492,0.0990417383492575,5.19934553282781,-0.0136172524113222,-0.0839521015943905,0.236590268955951
"1061","94589",-0.465529119355151,0.134741315857729,0.311106368586321,-0.345209708826039,-0.260295845407601,-0.918631013986856,-0.018196498637454,-0.114292191190336,0.568940003908424,-0.39582718406153,-0.850854264648699,-0.466497132346863,0.0190854975484047,-0.110674620902172,-0.0356905189828977,0.0684927242075162,0.214213026699924,-0.0720600456360835,0.205818501124022,-0.45684863956164,-0.94425017450739,0.246649045198551,0.0433051481794534,-0.92692783227418,0.0163233564452862,-0.0470207005625914,-0.00107565742462597
"1062","94590",0.569684613265056,0.388441692880799,0.411743211969859,0.0299721856416866,-0.0203840116282912,0.400232252992401,0.2351727500778,0.172262736053031,0.4043428046381,-0.191093362690381,-0.840764262831064,-0.182565539679074,0.132732145745117,-0.103444926854753,0.402572577385423,0.0612226778895975,0.224781337437609,0.441867299126378,0.783697985532775,-0.180357918593581,0.832555378124133,0.642549417142948,0.0275150531129433,0.945983503381613,0.666633531099957,0.625856502061852,0.514195135911316
"1063","94591",-0.237625834590149,0.0465172596397067,0.120713279841542,-0.139539296457125,0.0803837886372253,0.004122836277198,-0.407844998089458,-0.00441078537636469,-0.198866502023497,0.251310608850899,0.935125227713245,0.0956222998134263,0.0217921762321392,0.534868222149966,0.369524632042392,-0.0320152109793931,0.488196518831302,0.707863254699802,0.258951901879068,0.243128738700472,0.672277749363929,0.299654775777485,0.613236611668463,0.846584159593817,0.047878097137872,0.561743472097861,-7.19929090704312e-05
"1064","94592",-0.00827297474165972,0.0125918477693731,0.0306265995408809,-0.0097514135090889,-0.0154708156820784,-0.0158931373924251,-0.00852581721171885,-0.0106629239477276,-0.0133882129815689,-0.00734812275500437,0.004002481516612,-0.00120175834936614,-0.00485157811438246,0.00684043956381332,-0.00288732726846985,0.00427097710795752,-0.00243457081789395,-0.00427692205669411,-0.00481297916193878,0.00149651834924107,-0.0163830676196761,-0.0204502286463391,-0.0390763438367559,-0.0227561661888426,-0.0229452462668493,-0.0246258217572466,-0.0223430830044654
"1065","94595",0.555081353248219,-0.529692148234835,0.0630856964530353,0.188854572263658,-0.400190332083939,-0.589122716141929,0.0605830831772914,-0.0724672539318926,0.031540614856726,0.612532692841234,0.38349461337508,0.54485692033331,0.496642306989362,0.235049973513704,0.626640845537976,0.141897036088067,0.0292677687502694,0.459299558982233,0.139782823728357,0.550562687423586,2.17266211264202,-0.0647482338701928,0.0894996112079935,0.185902040572238,-0.100730625366756,-0.280056922516602,-0.290821390901589
"1066","94596",0.0507915982947223,-0.445015497081606,-0.417289665636585,-0.228199001914717,-0.231557553150569,-0.476263090142099,-0.117387650381649,-0.123417626343846,-0.352496735177501,0.261277060986341,-0.713060769222892,-0.397918507925552,-0.0101846837415977,-0.3439133262535,-0.153409238347373,-0.115544017670417,-0.102724503197888,-0.388784919707417,0.0615319177749488,-0.0467062929409695,-1.10544976872869,0.0379699383408173,-0.117277210554252,-1.07658055275214,0.0382200855616098,0.0607073500121384,-0.151772027152119
"1067","94597",0.175777378113037,0.0329972131112642,-0.329410771351149,-0.166225034757309,0.0279375919345939,-0.208610096185843,0.0215903108082987,0.106572919307186,0.113340667734507,0.0868327920996367,0.00329731354767529,-0.642634331547059,0.133627983910739,0.103140882829837,-0.142852580941705,0.0725663028710075,-0.0137572904032139,-0.140117746987254,0.177436695226979,-0.187974170738737,0.0117783350259565,-0.0633752726343583,-0.00665321800028354,0.406175392077322,-0.157820903210897,-0.294230440141685,0.0216916096662242
"1068","94598",-0.149817391382685,-0.11579700940098,0.0784553185271797,0.077784320054206,0.179086458848669,0.602089067996022,-0.0113474014936657,0.0634549828673597,0.341307557516281,-0.211244847215126,-0.550376920605642,-1.06470755023675,0.147770520938532,0.177070059707421,0.191916870292179,0.062920634088091,0.110471632757057,0.352721970619258,-0.200496847350617,-0.536245433965047,-1.14636650319656,0.0718532957570556,0.244455526192579,0.212949941862271,-0.0125672194962366,0.234990761560185,-0.0335983730855216
"1069","94599",-0.248410881820792,-0.434691088611191,-0.274939981925805,-0.221797098669492,-0.323277699849318,-0.37146535654078,-0.0324578815753768,-0.090331858106417,0.360580786143265,-0.160675246073679,-0.451886430050562,-0.529500269848917,-0.227746951547102,-0.140891785365547,0.0857434032015298,0.0353335219816733,-0.0155082645809749,0.137330772820525,-0.00545260985720814,-0.33202126018389,-0.00292218961628048,0.0204463287768635,0.0105358445266773,0.302538878454964,-0.106135246675571,0.00879814492114745,-0.0463440493325027
"1070","94601",1.16598364435593,0.724775520654954,-0.946388283765715,0.778092501795558,0.588210061288058,0.182166909829643,0.901213052479998,0.678487779739025,0.578123071933651,0.525190562873103,0.879845724289581,-1.65008977799431,0.638776593565991,1.46301595588148,1.39710584926017,0.355918160178876,0.398059312004804,0.440095147100251,-0.69624217375315,0.894974888476637,0,-0.44441160405699,0.0979566946960088,-0.533764474277701,-0.176293596719932,0.0383767109640868,-0.989176456148521
"1071","94602",-0.062187238370109,0.222821584639568,0.335403958205115,-0.212766779026345,-0.158817398700979,0.00314112084327686,0.058879462983236,0.101999880759941,0.180391277733608,-0.119626027483274,-0.885737384992992,-1.47977681980087,-0.185044565624894,-0.12419808550042,0.275121304284708,-0.108052038871221,0.131026979529512,0.171711094269228,0.141489724927238,-0.14474007642112,0,-0.171441132995285,-0.141649870672529,-0.744672968868231,-0.241562553911653,-0.293744268476627,-0.443956567832572
"1072","94603",-0.295085184987161,-0.54040234365889,-1.09702393231764,-0.332239154607675,-0.747237435200744,-0.679653001993298,-0.145498117701565,-0.383205130723447,-0.147231844631584,-0.803457342546834,-0.830395733470328,-0.211354265155713,-0.542288499495624,-1.04567971182154,-0.913799747100222,-0.252824126953908,-0.0548261816041038,-0.216680506352988,0.2046825021058,-0.372905731399272,0,0.106827118092163,-0.00467969869462308,0,0.0357327391515406,-0.149447585752684,-0.934613777621424
"1073","94605",-0.230852015333486,-0.767214051376901,0.621095056194822,-0.0729634863368962,-0.462789888764722,-0.774910760006148,-0.0728833657130699,0.0565618939320617,-0.378384662955719,0.310150544857866,-0.312259968883991,0.0330464607063226,0.265786769317692,0.648343105576877,1.21424857012919,0.520877187228864,0.0458503218046555,0.724050511534787,-0.10626981589441,-0.985627624922763,0,0.318072311085141,0.0606599987206929,1.62827859504146,-0.00411785162188517,0.259076117524019,0.0288428276415308
"1074","94606",-0.234923726637028,-0.355573471639039,-1.14608662245439,-0.264065630338882,-0.36122514669449,-0.301987930561317,-0.0968140782732643,-0.306644231504983,-0.80649998392408,-0.465609562331926,-0.829573657599351,-0.919362403410768,-0.111825599768694,-0.966255055943206,-0.607989363238984,-0.0942486522711602,-0.526256710021417,-0.433923115438008,-0.237610486392201,-0.457795396262072,0,-0.0258374226431742,-0.15983628155921,3.36433068452474,0.0737927477703493,0.0257751734327534,2.02348334899866
"1075","94607",0.060714609794213,0.654259497969737,1.3063532437238,0.45747978966486,0.632880762012011,0.221696167779594,0.276956444720658,0.224390085253316,0.179316242504392,0.418805202746555,0.374840435555035,-1.33194952710183,0.244512958152102,0.269036624063712,0.0380679250188759,0.106368090221059,0.183121998052475,0.171047906134872,-0.176027982903766,-0.794549964478981,0,0.0443464546261862,-0.171170171187777,-1.75581166932844,-0.119713331955997,0.319384853994843,0.4515511247611
"1076","94608",0.186640956156496,0.225686605604695,-1.18682908238564,0.247893695215973,0.0709562194761458,-0.425122793048321,0.180085896195689,-0.216757815126011,-0.38324011081486,0.0169964531908813,1.03759576200971,1.88847476294073,-0.0879981935812721,-0.218129379499295,-0.541358918252343,0.0379931664810936,-0.0043943512328686,-0.400138610398885,-0.046574675654606,0,0,0.0739208956851717,-0.507425528176296,-1.17894896202992,0.248540260197774,-0.0769650513185015,-0.719830229635078
"1077","94609",0.224343254743251,0.179376738271529,-0.534370712466315,0.232662771700352,-0.256562885615977,0.0678884413221949,0.273916505989695,-0.128395282226758,-0.0454566431206196,0.0812594341071085,0.414777176735222,0.551693222631179,0.131959075958877,0.0228391267972213,0.010591712876593,-0.0749451837235398,-0.456168554702075,-0.0412831102267676,0.0765771368793133,0,0,-0.0665765417141095,0.0542071806912967,-0.695426490113345,0.22911395007808,-0.479151457547535,-0.360638913425977
"1078","94610",0.636697992860843,-0.115367325340021,-1.78767086762426,0.257177373463916,0.596206681695709,-0.055509708906585,0.067825983153092,0.369613693006587,0.391161315544793,0.460914370660945,1.42628369647615,1.46692985922557,-0.129495514179534,0.846844435802727,-0.260434989174478,-0.114045603376245,0.294730362831768,0.21066688181002,-0.192867020218839,-1.05166352688842,0,-0.140056364948167,-0.153852295960266,-0.290016072089589,-0.0591642174545817,-0.110881293042721,0.0359510203053942
"1079","94611",-0.487435505784992,-0.847022573270316,-0.454275750707612,-0.267822225693228,-0.587483883095088,-0.587556573722062,-0.188336859271491,-0.382409889223019,-0.459196857172198,-0.587853268665175,-0.793448409615203,0.635900472971778,-0.263913974501395,-0.690713652054315,-0.863267333642356,-0.0367576036292355,-0.162519436345426,-0.33363144920478,-0.764659820735574,0.282447110097845,0,-0.333876030339652,-0.652291714975035,-1.79755268553859,-0.287257470634191,-0.0512558516737512,-0.759014919173697
"1080","94612",0.0372684298418899,-0.020126201328864,2.06983800125602,0.117794717301272,0.193223259426371,1.03497252636192,0.0547133532392701,0.17510222838136,0.617736255591015,-0.0282284908560634,0.288868775159836,0.734441844856122,0.0192296225643721,0.316435961412429,0.491111421864702,-0.0590387005109779,0.207305855848099,0.376102437938145,-0.160850723523059,-0.659218586125987,0,-0.0779885175065923,-0.480916725998094,0.795844001741446,-0.0666093627172996,-0.575788115474818,-0.47231312925351
"1081","94613",-0.0045149389061771,0.0141801423396969,0.0332933553665759,-0.00786025434015586,-0.0108300304296199,-0.013901210882465,-0.00830570515299916,-0.00802300647933196,-0.00922088376399285,-0.00724883776357629,0.00952337795123466,0.00207524311328971,0.0229698592677038,0.0118325316700885,0.00467149353220775,0.0228271790770927,0.034725961362628,0.0766394685637766,-0.0171931716167557,0.00392848978017036,0,0.0123234319718261,-0.0113429467615111,-0.0143257541371595,0.0260597133075004,0.0245280765196682,-0.0218537331259199
"1082","94618",-0.0806796053372033,-0.414248474979598,-0.459506399037908,-0.166688500550583,-0.17215963393044,-0.136026155528416,-0.1903174792303,-0.2685155208337,-0.200470266334094,-0.0937044847492859,0.271935674037561,-0.516745872530548,-0.0853262759062047,0.32797423396102,-0.354330809834963,-0.0967823447990146,0.147367945845428,0.01690089841413,-0.250433533062202,1.633946456889,0,-0.0463739063347557,0.832594044810085,0.274153307293465,-0.0606939347960617,0.0108586324094832,-0.294528875589258
"1083","94619",0.039884290183684,0.25598778125175,-0.203627160396468,0.390217022224269,0.549452158674335,0.513141984255565,0.17192045198754,0.325829111335035,0.225105624547557,0.378655971804539,0.0871624135280787,0.890397065160807,0.0789766303608293,0.193976910071035,-0.0992368346081646,-0.00753177697963423,-0.229581496296806,-0.333369638309666,-0.313365965486775,-0.438445945499138,0,-0.341224528317629,-0.0506751249703199,0.817609537784875,-0.171617854947627,-0.0309925331025286,1.18390839761539
"1084","94621",0.249353263558984,-0.0342483411509785,1.28830605553408,0.517050748452926,0.683793284683871,0.77590540485837,0.404341455078395,0.450025941317793,0.198265024747552,1.19051696857808,0.16289386637599,-0.166380556880358,0.353874669736661,0.422897678347863,0.261376643947894,0.246124251610172,0.298855665274534,0.173865362975886,-0.254115824860269,0.58375291810996,0,-0.134805439558406,0.0581217746135827,0.504005665881255,0.033624791805415,0.015554545431452,0.100775744600779
"1085","94702",-0.0282056006483722,-0.110460385750191,0.164669843749559,-0.0777669377108063,-0.318985887744426,-0.400591420117489,-0.002736997949197,-0.204888678082858,-0.502686126813545,-0.127880250728654,-0.694570124431211,-0.966539361025418,0.116860058373953,-0.458664617014548,-0.56487487077536,-0.0429873508455398,-0.334193380664471,-0.532483783525056,0.100683066049651,0,0,0.0783927008429045,0.739337154924344,0.0719724983774381,-0.0267055812699262,0.301570213301943,0.0120534565049571
"1086","94703",0.0227184613078503,-0.0894219553170071,0.251597960617576,-0.200716478549831,-0.0242933051253993,-0.166524712164733,-0.163371720405288,-0.0917262448732976,-0.0540759223474706,-0.262003181657344,0.00729981869475688,0.25163216574225,-0.0385199914341686,-0.12889462378317,-0.264141599269542,-0.0315534606755256,-0.209304739973082,-0.217930115914467,0.239268000409458,0,0,0.217610620905571,-0.101631430742624,-0.804458682480438,0.289443922343048,0.0283625231116259,0.143715729751586
"1087","94704",0.089267628949089,-0.420910192828159,-0.38536382801692,-0.0475873723537431,-0.108314233611923,-0.24379097252839,-0.00317987011626269,0.0666949046881366,-0.145875608400601,0.277139990391323,0.385212214857739,-0.415842320947631,0.151351879070684,0.169957042359795,0.0549658456593513,0.0343378007884816,-0.0220667900953653,0.173256811859445,-0.0950078478700011,0,0,-0.0491219294024538,0.0561380046128863,-0.337105281596145,0.0192448894610991,-0.209922184828036,-0.241750026761488
"1088","94705",-0.0708349269736603,0.397207241641962,0.367677217745907,-0.05524940512159,-0.0435905482762156,-0.449603191453141,0.0779353391113481,-0.0361666577772342,-0.257191811159759,0.0080961285136832,-0.199247419131868,0.303840108946166,0.105855899257473,0.231689713193684,-0.183018359873902,-0.0886443412306844,-0.0570737951565026,0.176617163569869,-0.191887476390297,0,0,0.20976549365975,-0.651600606903028,-0.526466102071197,0.0933146153266014,-0.0438638195805432,0.242694365499167
"1089","94706",0.0613250727929892,-0.234044758603448,-0.639848650207079,-0.133203137789594,-0.275205757305784,-0.193179762061575,-0.0246657065026765,-0.138548142178238,0.06436323300066,-0.239633861128428,0.097618601967605,0.583376894717029,-0.0927020205838272,-0.252639778009445,0.164193544532518,-0.0556501309748652,0.101838495466742,0.384856406072473,-0.15817428371628,0,0,-0.156059458104073,-0.151906760298177,0.232109458336641,-0.0631901367748466,-0.056443536445693,-0.192646573559744
"1090","94707",-0.0776590533646276,-0.0309328978359751,-0.430869722687919,-0.107771120838954,-0.175615201735815,-0.0118693359428097,0.0784272205236916,-0.0112267058267233,0.0110993971151998,0.275486314989888,0.403242851241193,1.70884987977869,0.239655978724573,0.521609219602275,0.853138278129407,0.0479833875597298,0.131165424959439,0.541789103450869,0.0157190116078523,0,0,0.0529892255892226,0.0830978172757386,0.662753884633372,0.0515141202617988,-0.0936438016672752,0.239953238846587
"1091","94708",-0.0965623995105991,-0.144049568728404,-0.287902642812783,-0.0214627305836327,-0.253432160663226,-0.408043609977579,-0.00479077386734323,-0.165323431532852,-0.286879674269528,0.102140943369262,-0.147884079166174,-0.328254715148538,-0.0438738218216279,-0.243260343539306,-0.367198057074574,-0.0169048622830998,-0.151849008994752,-0.111984303406713,-0.153808307765497,0,0,-0.021517126731526,-0.271416780869517,-0.505278255073163,-0.0657990752507712,-0.0448820077850184,-0.256514308458403
"1092","94709",0.123155302507367,-0.100491172217315,0.28555521542125,0.0748926663364931,0.0772516889169391,0.0101813149797906,0.0964717132676711,0.0437356588659457,0.0713993818080458,-0.0423268826724458,-0.0662997359196824,-0.367578065302636,0.181546088522509,-0.0562507674231951,-0.0355315513573587,0.109987481081448,0.11353914483537,0.211028696496373,0.0170928155369611,0,0,0.0134545895181212,0.048463157931374,-0.243449900209771,-0.115781380168188,0.114312958122689,0.0982828823951012
"1093","94710",-0.0567637571499749,-0.318578778641175,-0.516202568658435,0.123943414594973,0.098683660037317,-0.305100409165366,0.101937183632318,0.132917602514144,-0.15637197720811,-0.00307878282791846,-0.140274511647205,-0.529103463582995,0.0630889992937472,0.027197807513211,-0.269716687352186,0.0506829768258363,0.226034691901091,0.284428768428116,0.0524542923268853,0,0,-0.123833131607636,0.180310620797474,-0.202345556047164,-0.092106665077787,-0.123299824686101,-0.351569746280969
"1094","94720",-0.00637636255414214,0.00889006320108837,0.0189894836190853,0.00806509601288649,-0.0226096119753464,-0.0181231048191537,0.0191841997606983,0.0477378181331184,0.0495678047818646,-0.026500973756806,-0.000289864386758969,-0.00896106901337384,-0.0227799771607347,-0.000353326111830832,-0.00409946792062094,-0.01788785466204,-0.00832250856195328,-0.00334880764869599,-0.007179403491504,0,0,0.018727503559681,-0.0094109209353825,-0.0252635466212565,0.00153743713086493,-0.0167434122102686,-0.00923982101702184
"1095","94801",0.107587585806884,-0.493322108622919,0,0.0158523568820267,-0.530038006794348,-0.832250553351253,0.0887333509538887,0.131008449725202,-0.168756992480212,-0.193362970577149,-0.991976098011285,-0.475683989533554,-0.207135000782247,-0.627436258980573,-0.879522338013486,-0.315852928126553,-0.609879085023984,-0.585168417260146,-0.115656185617397,-1.21326356291162,0,0.0233720527986157,-0.00251709223699262,0,0.115391531548885,-0.0702409959138427,0.111757433708271
"1096","94803",0.41547628226094,0.524672958013288,0,0.117542410963422,0.253867637562842,-0.268783980338429,0.0563750934597231,-0.0365293576547265,0.0550387217197767,0.331525754660398,1.07827883035369,0.0873395232497142,0.229774321513968,0.434060109498107,0.0849037231271338,0.0131601932433512,0.13233549435416,0.0407376780582284,0.551682767785726,0,0,0.26155973717138,0.356766531671635,-0.279936263053389,0.0481492891161955,0.147362195207336,0.0685170332290716
"1097","94804",-0.294376415260583,0.0619805194118281,-0.468736839989376,0.0721619192961236,-0.372706502991935,-0.0358274466442747,0.203007320415029,-0.257103744941744,-0.31399346952164,0.0366996580871804,-0.235843567413151,-1.03518353632209,0.0022985860992308,0.290776694398735,0.235892681123765,0.270623078699285,0.0582178286157732,0.222690271715367,0.399033856852445,0,0,-0.0519331108386363,-0.567428381557318,0,0.192837467824995,0.162273467792713,-0.787681205174916
"1098","94805",0.530936973687867,-0.101435487979732,0,0.28433198636567,0.013810517234556,0.0577075855361747,-0.0285581089528402,0.130284879319452,-0.0787039260548304,0.186406863170848,0.295423671990474,0.324459224675471,0.170894178880907,0.0775972958360136,-0.0929739983700825,0.147527431161045,0.0669002026971768,-0.180058235219249,0.150549814690278,0.123325975886579,0,0.280845934784367,-0.354546111032679,0,0.297807134019404,0.00277967454836914,0.220635703371455
"1099","94806",0.624858438056197,0.761148358020085,0,-0.0355395318821794,0.559609422409613,-0.801512815465736,-0.0806582995377682,0.228154695880246,-0.254895718580535,-0.706676679452462,0.285317377487607,1.32945947745826,-0.0458956888093929,0.573928568372303,-1.15360324790514,0.0373628311321652,-0.389510393116151,-0.172066112588348,-0.850955095308523,-1.33153668098477,0,-0.22242006399886,-1.26221142708538,0,-0.107183412833996,0.360741680627828,0.975505085418734
"1100","94901",0.0765701974000945,-0.936359889600672,-0.761376889435383,-0.153645220225386,-0.513919393759828,-0.585843777036359,-0.221930238694701,-0.182804152418966,-0.581585032235889,0.414441612388306,0.0820749331009251,-1.42462185419478,0.0281531854104947,-0.317853169332806,-1.37755832874338,-0.00577273964079713,0.0189872494751335,-0.0388380808494094,-0.344042167320807,0,0,-0.254076756135612,0.00613744783910525,-0.166186723402601,-0.154831784495059,0.00424894279741461,-0.896751956110975
"1101","94903",-0.0574056809607289,-0.532549149421829,0,-0.00157171788819697,0.0789245451118046,-0.16171403058798,0.131485041179598,0.102597926084149,-0.0182419701520554,-0.122355626760715,-0.659495939389198,0.0924612154421627,-0.0933396147863949,-0.52681871913003,-0.130163935586787,0.0684348318808886,-0.143376511643856,-0.532044137681547,-0.843744192608422,-1.10455588323088,0,-0.0745995661195389,-0.818875718927625,-1.17678057028566,-0.2484847080952,-0.538418573990632,-0.609782500040978
"1102","94904",-0.164330752299038,0.327742325940353,0.269826913844085,0.0658048588280305,0.0677832678360779,0.207130638446211,0.108460357554179,0.111438808648665,0.179818533291411,0.0388140177559169,-0.144745191087123,-0.276847852825631,0.023039374674102,-0.139702473301957,-0.261875946113854,0.137979319618976,0.166792475449072,0.277800827123989,-0.119392950778093,0,0,0.139532637358763,0.108507649078328,0.483183018106322,0.0713930152066014,0.023353656550492,0.173224029784599
"1103","94920",0.196075704563025,0.408171419064335,-0.445592379777519,0.0484125117060825,0.0330739482949984,-0.154500456837321,0.0491873055334557,0.125190192630401,-0.0822430992280279,-0.0237045487379592,0.0173056629069992,-0.43731879703582,-0.0591409570123352,-0.0797094236512255,0.0591655708058407,0.0083140923241587,-0.0869843038978809,-0.0685093607856182,-0.0363523534011317,-0.0123014083665486,0,-0.0219801243242578,-0.292569413067463,0,-0.0492562391570138,-0.0916772787839018,0.312455453926503
"1104","94922",-0.00515164598988082,0.0137411843213268,0,-0.0102300137587894,-0.0142977147594224,-0.0160004325776315,0.00721855352634571,-0.0115250714494506,-0.0125354047315879,-0.0268274913049246,-0.0162481659986611,0,-0.0194564548343271,-0.0106627564406984,-0.00833296442169647,-0.00593116754837406,-0.0149339317361008,-0.0182057194140322,-0.0285358045224031,-0.0407461963007168,0,-0.0322108506952152,-0.0487508597811394,-0.0758950939689323,-0.0304883353603933,-0.0365896194401414,-0.0691947766937991
"1105","94923",-0.0554511902923272,-0.0333255484502178,0,-0.0349549965322918,-0.0653788681239533,-0.0905383021556777,-0.0313996027329999,-0.0725068196067951,-0.0888109285219039,-0.0648521070001441,-0.0544309705388989,0,-0.0298558366577495,-0.0340943922560084,-0.0426486594234871,0.0103746211871194,-0.0634321473762488,-0.0447093303759575,0.115531937905521,-0.165178059175461,0,0.0966825429858984,0.140838133641631,0.398996674505066,0.0490249714626421,0.15828022046421,0.252922792719939
"1106","94924",0.0885429173944765,-0.0164027403273335,0,0.00712310754023651,0.0120112341989138,-0.0606850970220577,0.0596393261229957,0.0407256437604424,0.00439036114984225,-0.0429918798444884,-0.0231780549230553,-0.0325505399125915,0.0450090491317085,0.0653577655873394,-0.0231412141442241,0.031602158243909,0.0574487791659107,0.0535617436793583,-0.0302066406561517,0,0,0.0758228346804838,-0.0270898217323186,0,0.0146216509164204,0.021513347452143,-0.120812806701765
"1107","94925",-0.0954182496956677,-0.332294869481432,-0.358930159333707,-0.0632423297616135,-0.115193365934709,-0.445253561921874,-0.0438637118253057,-0.160751523046122,-0.209442368478797,-0.161101169822938,-0.392344880794287,-0.385871331468906,0.0664998944103719,-0.292778141915826,-0.375170558311673,0.036346249723403,-0.162533670727573,-0.204910673803155,-0.135305420696973,0,0,-0.0533294940933767,-0.168268474097566,0,-0.01302374188936,-0.0512749938976454,-0.242512287691427
"1108","94928",-0.298565523488103,-0.391323029748455,-1.04659983216718,-0.268464611013366,-0.619948565834752,-1.14432181253059,-0.247655666606826,-0.329194517262172,-0.463026457168647,0.143686413374806,-0.0913120832407604,-0.531034413144349,0.219068893604307,0.0323356145924492,-0.0436598349092034,0.045291419614396,-0.0508968935413769,-0.216037432731256,0.271566803799622,1.18870025741437,0,0.0790726949044877,0.457909161813704,1.84771313719074,0.128544515837923,0.484581393628754,0.834732571033261
"1109","94929",-0.00566748007674855,0.013963042314777,0,-0.0162282576917184,-0.0141796895229432,-0.0170517976065133,0.00292137830480369,-0.00874763228607617,-0.0105924716684257,-0.0103336071084213,0.00221617824598026,0,-0.0107744634508484,-0.00811877817441818,-0.0148650723488449,0.0146726231529498,-0.0198074662519258,-0.0392011423212971,0.0589464819106565,0.00741552797755537,0,0.0135230763791805,-0.0172114587901284,-0.0195981572597356,-0.00304197509330619,0.0255683796200789,-0.01741871008919
"1110","94930",0.0726786241260865,-0.0322013430894088,0.73351419764983,0.0653419651639662,0.0902155628465061,0.103484535430809,-0.0401942689688483,-0.0531996089132757,-0.0727288926861102,-0.153760782187836,-0.0889017653728083,-0.386381416767447,0.0582081587760282,0.0388188176153389,0.0604977854262438,0.0240399475493593,-0.0357741970639385,-0.0551415573337614,0.0425261695538681,0.738693911049147,0,0.00821666352261725,-0.138961915794793,-0.351334987068021,-0.026107028032623,-0.224515847999099,-0.371057211454874
"1111","94931",-0.201421873435026,-0.248395149633827,-0.258461180254731,-0.0221131213882086,-0.0613097202862375,0.0647447275725744,-0.0281571768725774,-0.0175592148890071,-0.1314475209895,-0.176180080051114,-0.239061766086993,-0.14675769419977,-0.11855879977783,-0.26240118813413,-0.174983730087618,-0.0485102850176483,-0.161234063004268,-0.0864709438484084,-0.0172667371858448,0.126433796140925,0,-0.0303718918373141,0.00720456049922373,0.805052288063224,-0.0550993099923741,-0.119929340090263,-0.0633070374179114
"1112","94933",-0.015633430357566,-0.000625048661544685,0.00805826023242613,-0.0177212977470656,-0.0209299997777105,-0.0292017386075286,-0.022949851726178,-0.0214648869719173,-0.0224248587955508,-0.0287375617337693,-0.0249838170018883,-0.047766121953754,-0.0218275070889002,-0.00877510510291304,-0.0366286465233889,-0.029452016481096,-0.0289858721077534,-0.0579519294765873,-0.0349726124848464,0,0,-0.0424299872858172,-0.0514622137304435,0,-0.0319827667005489,-0.0450615824251445,-0.0462350626048529
"1113","94937",0.0321738027910808,0.191690156460769,0.507342799334406,-0.0122525784519762,0.0229497537375575,0.0789191439709641,0.00207912885748989,-0.015041904031517,0.017932162855966,0.0294523364935756,0.236326610510093,0.974727001435916,-0.00362662898135377,0.0999352178642346,0.315219306150632,-0.00597783284139407,0.000607759107230474,0.032843039779636,0.0108203412508251,0.000248650344023643,0,0.0317701162449769,0.201440173388642,-0.143458704994089,0.000710950718381941,0.0635840306121355,-0.0597845741253695
"1114","94938",-0.000955611480610014,0.0178591858299358,0.03137667890717,0.0224564833378635,0.0477937919065832,0.133339548935982,0.0123854735535879,0.0212245582730368,0.0558410908680997,-0.0060361438902275,0.0123187435960854,0.00214996204685645,-0.0091691016340866,0.00765821355135127,-0.000144396657502099,0.00276440717354105,-0.00602890611072345,-0.00448739322890172,0.0590221306812673,0,0,0.0203845511853763,-0.00854889427786838,0,0.0147347305668777,0.0370642070463819,0.116872565339899
"1115","94939",0.0536479748884908,0.0217274942793908,-0.208510601878472,0.0739638929398469,0.128515791129833,0.282972309833237,-0.0151506645840525,0.00214245432832717,0.13991316711686,-0.146907886461166,-0.222068166769149,-0.225829488759716,-0.119088272603027,-0.0107775054339949,-0.216509545351097,-0.0137338332156422,-0.0484998839724614,0.0220461483983874,-0.0789155393929673,0,0,0.0925267031373513,0.793262281550356,-0.304716772442591,0.0326214871864254,0.379709928965679,-0.273620122638781
"1116","94940",0.00171452051950136,0.0194204415568879,0.0348637252308595,-0.00347394478792178,-0.00775173302157113,-0.00988798258652545,-0.0052325506034743,-0.00903025156604834,-0.0058482093123149,-0.00457010492909544,0.0108703128932798,0.000529255454336098,0.0216515035576419,0.10261035567836,0.00358052858561057,0.00583756837827685,0.0306665734145138,-0.0137831006415721,-0.0169479977345464,0.00983819180433792,0,0.0386154010929139,-0.0257538630754901,-0.0530944531216522,0.00984420163140407,0.0207895443054842,-0.0223882222852596
"1117","94941",0.307115970980912,0.495446993378273,1.95087213187846,0.0693758639230771,0.0618572175190205,0.121439082552472,0.00770879059957988,0.0819427955425,-0.00105651375173599,-0.0152123599649897,0.301262293645639,-0.271737479427541,0.0155567587967819,0.149171179702095,0.339166856941758,-0.181021741150596,-0.0758370858611508,-0.230044503487205,-0.139343915839328,0,0,-0.0554268595371784,-0.780316928569711,0,-0.0574707614930318,-0.699358802495376,-0.611180001854467
"1118","94945",0.410158022807732,0.268021157762223,-0.758603119763031,0.0767909480515748,0.145369643408213,-0.180561564912852,0.0652163173614024,0.00921480480883127,-0.0795824471226017,0.246810206555468,-0.030699241578204,-0.762280842776389,0.0130316482617472,-0.15198216040848,-0.410783230454152,0.049029702051479,0.0558540470870351,-0.162508521806692,0.114913421097032,0,0,0.0542392247639662,-0.21430279866341,0,-0.0441869410966217,0.00353519418663913,0.0583155698426019
"1119","94946",-0.022291549092794,-0.00637760683054211,0.00758052098902284,-0.000977457865301356,0.0260878708150041,0.109592524976345,-0.00987033135079959,0.000707560841977901,0.0392494032998518,-0.0259115765653105,-0.0216697186595931,-0.0261355852778017,0.0153561738642745,-0.0137109615727122,-0.0192093362959107,0.012074787604066,0.00925183950983386,0.0456665196969339,-0.00563645935196361,0,0,0.0112138230920883,-0.0173459492139103,0,0.0161052292773272,0.0232898252593534,-0.0177839064133517
"1120","94947",0.0125839197406304,-0.291521278854853,-0.224788420223196,-0.227556195027196,-0.370722602777469,-0.275473093743468,-0.00933909390600214,-0.115049287811465,-0.299759994137479,0.0703343520601067,-0.853827076781586,-0.216322776690419,0.206150881728131,0.0610230157635253,-0.180934187437226,-0.0103261420772171,-0.278556789433112,-0.178811324916981,0.258299061090826,0,0,0.542376882671392,0.723649138611477,0,0.20754244994663,0.222576330525894,-0.388615882366369
"1121","94949",-0.0839715000762589,-0.313338405718804,0,-0.102147991666767,-0.159192046025828,0.048924671633555,-0.165669286267942,-0.0866907076383752,0.000765278091549162,-0.224954399435519,0.140916189864734,-0.58747140040989,-0.0980587823099728,0.16931024996473,-0.529598498682935,-0.115381530152707,-0.0131922028317783,0.166170842972213,-0.160173979596693,0.274880146535247,0,-0.155541918120705,-0.20693052442769,0.305166613841395,-0.121725838482899,-0.0202683728559593,0.0384318765512434
"1122","94950",-0.000598251584449463,0.0175688909365134,0.0346353132033913,-0.00456372019398164,-0.00673146253535806,-0.00863092185716074,-0.00181370176005912,-0.00506433336492873,-0.00487308578643905,0.00243605291319997,0.0137645857933742,0.00483053146583779,0.000558175784971752,0.012774898105972,0.00670035969486552,-0.00104745830271195,0.00398569793151674,0.00400306396430719,-0.00155558848037193,-0.000660955787558753,0,-0.00450012690845986,-0.0136284343207349,0,-0.00984197041986796,-0.0110502234647585,-0.0128968084472734
"1123","94951",0.102096239722312,0.16354183395825,0,0.0399462381178553,-0.0398036133827107,-0.171359424077683,0.0580195148179537,0.0017314886283286,-0.0752767900087978,0.117854984268145,0.296434358058516,0,0.0794912863473648,0.127799009990548,0.306878620773259,0.0033182272749925,0.0908646995718359,0.378436013994855,-0.0510133247114837,-0.101958114752137,0,-0.000739184526072791,-0.195046029802105,-0.0828041973614484,-0.0649968502710108,-0.113714815782823,0.0405187911623157
"1124","94952",-0.142221509173959,-0.204829908514511,0,-0.0633675862575388,0.163414529332649,-0.0221907683561936,0.105047847217162,0.0728763187994966,-0.126108953897976,-0.106815844432594,0.216225008310511,0,-0.214888168120672,0.0679060206990508,1.57957493950322,-0.047333567349592,0.309975289766359,0.279836204777449,0.0831768275525255,-0.645344786257964,0,0.0403294938990315,0.082701893986666,-0.427872264128731,-0.0540294113468724,-0.183517493344803,-0.308043403816635
"1125","94954",-0.176291660786255,-0.59746083092281,0,-0.0816226519856006,-0.138463548993749,0.470998409829364,-0.251506887000411,-0.158072541136934,0.035002040115176,-0.303041256214768,-0.499540290634967,0,-0.155782672716046,0.0831885766571166,2.28306937346463,0.130269936456641,0.0912154046805803,0.0741957762090904,0.395749383484954,0,0,0.189198866266209,-0.428808858576115,1.22111019947659,0.13128048491089,-0.188330606725281,0.311793893096866
"1126","94956",-0.0679127420116017,-0.0907191563922669,-0.0841990764876578,-0.035664894283604,-0.00102593787290717,0.0513960352764464,-0.013103294421194,0.00030320862315457,0.00302398867234403,-0.0715819306237984,-0.109742317659333,-0.171498301719852,-0.0390238256005877,-0.0764127238724489,-0.122520983994488,-0.00479895496164875,0.0103514095821513,-0.000131118499871237,-0.0931029791343875,-0.0871310642410957,0,-0.0808062672774509,-0.117106108786114,-0.103127904979996,-0.0871930691502375,-0.0482594910831783,0.189717102497642
"1127","94957",0.198651507449028,0.236690453890999,1.01501492187302,0.0855474057774063,0.124816138511452,0.263954073674966,0.0512721855176776,0.105993860980239,0.22220620639515,0.0412793168712834,0.164636144684161,0.482456522587995,0.0764686939170204,0.0265691861769864,0.48569422277688,0.0857179471410794,0.0569707090946504,0.0306778663933565,0.023178673379652,0,0,0.00966504601470244,-0.0396888566610401,-0.0358585801716324,0.0262754913775794,0.0219429834357494,-0.029424056151939
"1128","94960",0.00917282076064363,-0.0979981684496623,0.523466860483662,0.00445588357092067,0.0277170639821777,0.0525681076989942,0.0855172688556201,-0.034480345584135,-0.0143090553071851,0.186837056371901,0.0999318770762534,-0.572056253263474,0.0314384126763507,0.217956291125796,0.496402141267287,0.0160199661528696,0.116877073515131,0.0921785804085796,-0.355711051487049,-0.277069991038628,0,0.0240044059745268,0.147869826618437,0.301144532862856,0.117849692911217,0.389787153387229,0.425317552403134
"1129","94963",-0.00728131700114588,0.0138216118458902,0.0272042643777382,-0.0232790700374229,-0.0278074613215805,-0.0388190921207539,-0.000111363979622113,0.00530671839608118,0.0372719172048111,-0.0188039073839042,0.0076298538810191,-0.00236424530086382,-0.0110682337540453,0.000161002514785497,0.000991047416817421,0.029541207588103,0.0630242888101709,0.0749213199437427,-0.00505307464484729,-0.00350217512915245,0,-0.00954126042721509,-0.0135739416221967,0,-0.0152828249739087,-0.013288668192566,-0.0124643668325373
"1130","94964",0.0641980970850954,0.20491910878422,-0.0762518166164058,0.0687487776556727,0.100558191571074,0.212893762096765,0.0448810633984658,0.0393711634104118,0.1651343505026,-0.0133591614936833,-0.16023924070556,-0.112091180914251,0.00412917563536604,0.0555982953548958,-0.228479826167914,0.0118484657295107,0.0151673643765206,0.0145220966647284,-0.0947236415874469,0,0,-0.0303976497417584,-0.214660491490303,0,0.0289259603254164,-0.0878979960601652,-0.0276668936627643
"1131","94965",-0.135889735908066,-0.0222631392470978,0,-0.0514853115608741,-0.104598477484265,0.0834520468047466,-0.0645242311755435,-0.187732727757624,-0.0831348972987298,-0.226208989722425,0.0205929632705539,-0.00765419129997826,-0.0975772402657002,0.0955623274719278,-0.128823661081029,0.00243926643084519,-0.0826191578356374,-0.128845874980564,0.325534779967866,1.83019628492184,0,0.169901475130364,0.957571245094231,0,0.0930606522866718,0.173024522003117,-0.463347284204541
"1132","94970",-0.0333413013133744,-0.0198537770121823,-0.0347937974909767,-0.015001801500539,-0.0377821487461511,-0.0409803877920905,-0.00940701731631234,-0.0383144546524532,-0.0387142726667493,0.0872675863356818,-0.0673536188608024,-0.0791681205228238,0.0110625924709824,0.040487575612696,-0.0713381798269309,-0.0105887319326357,-0.00695279633082387,-0.079184356477778,-0.0361179139486374,0,0,-0.0386505918699303,-0.0324606093708999,0,-0.0313561452358876,-0.0439282628200754,-0.0326588623248716
"1133","94971",-0.00666853174019914,0.0152202913181531,0.0316260669439869,0.0147239709248713,0.0385770063926616,0.151440210731079,0.0139438144787874,0.0384157618340948,0.0423939289380089,-0.00788529271219863,0.000610605410922828,0,0.0196261810861565,0.0832017704082164,-0.00577587666555188,0.00111505930502242,0.0330935662751688,-0.0115074972357608,0.000270663102368035,0.00995424377943279,0,-0.00917107600505487,-0.0123587687138499,-0.0137487032503607,-0.0177305560724192,-0.0142514204848372,-0.00968548971849711
"1134","94972",-0.0142817588361532,0.00430337737815638,0,-0.0156364662999946,-0.0226337767774399,-0.0267085257090293,-0.00980482503156083,-0.0164684051991881,-0.0195161735005949,-0.00797346634057903,0.00971181625161731,0,-0.00282967657933921,0.0141519604341234,0.00610295866992971,0.00639263001894902,-0.00720994356203478,-0.0155542209559785,-0.00843030157665441,-0.00052094189289652,0,-0.00988274022683227,-0.0168534626148482,-0.0319129059702509,-0.0150521556271423,-0.0146208775488851,-0.0237262806790494
"1135","94973",0.0108069893406981,-0.0361443225379493,-0.0421447763315635,-0.0312848444031063,-0.0010453474494957,-0.0664563323128183,-0.00440762379477991,0.0375500009276475,0.0784429373251043,0.0197559630291062,-0.0588777904673374,-0.10952070563787,-0.0179005230039391,-0.0446301208550936,-0.0684010103053909,0.00290616174819275,0.0376693247926364,0.0779722394028457,-0.0589084881551282,-0.0605536242026966,0,-0.0147584387703197,-0.0930034314166157,0,0.0102692275363448,0.00165901555927984,0.0848197254118054
"1136","95002",-0.0370617342375339,-0.0887873776316263,-0.134892190530836,0.00751381622945908,-0.000138704859167073,-0.133763546239232,0.0103941742227499,0.0472763394165965,0.0420999079076522,0.164282596183514,0.259170649605469,0.153083359747297,0.0130792007458763,0.218217019753622,0.120087490576801,-0.0204443225916209,0.033269892493473,0.0860621013350843,-0.0451532191956051,-0.127667619958509,0,-0.0585259571613564,-0.138569696203462,-0.193961152961015,-0.052122726560442,-0.141684352432258,-0.203920791514147
"1137","95003",-0.135771187790694,-0.411723622277691,-0.644352233831991,0.00289212200968222,0.0442378161280632,-0.0841203373614686,0.091087920361905,-0.0015660110423415,-0.208965176906161,-0.252606911152849,0.793612466395548,0.15247111658164,0.134688338112092,0.0169339622490774,0.0612551241872429,0.104976165551018,-0.108570713234708,0.0914718470195067,0.207243314601012,-0.611612727869236,0,0.127139363855775,0.223769385839015,0,0.0668750838128814,0.418084658474202,1.35044674439698
"1138","95004",0.0944634450200189,0.170789316843105,-0.0778540369764467,0.0309778005663378,0.0417825981846343,0.0768856926720797,0.052092228916543,0.00124770479042747,-0.0448171600766532,-0.152709283653809,-0.160993381626735,-0.216980494961637,-0.0624168483024399,-0.16373676361856,-0.17520758842258,-0.000621301382547358,0.0408793940668123,0.000648038015100451,-0.0451808428501393,-0.237402935129635,0,0.0199592155689397,-0.150543768069246,0,-0.029871559674578,-0.0749066437594005,-0.187875789522882
"1139","95005",0.0827739051308023,0.0625953686276893,0.169166066460361,0.0178216866458648,-0.0809503280290863,-0.0577171535599618,0.0284587969672392,-0.0435601653863217,-0.103219551555379,-0.0666280982406611,-0.129774807311088,-0.148082473205303,0.0750155482737684,-0.0794090745707261,-0.183634767623182,0.0432178663451605,0.149324930148791,-0.0696830822884631,0.0178949764544643,-0.248520578101363,0,-0.0642674788153522,-0.0812393455818283,-0.171212794168444,-0.00417396524008337,0.0891679922361298,0.655871933430735
"1140","95006",0.213417597701504,-0.130181614311111,0,0.0348124452463445,-0.0962538111276572,-0.20903700562919,-0.0321105700196895,-0.0188664585671451,-0.221897618483444,-0.0315014437757043,0.248143768017069,-0.42485016634908,-0.0939053390405746,0.00268817555339099,-0.405504819088866,-0.00743476100922892,-0.0124074273351585,-0.186777111333528,0.0609979539185046,0.288205512884268,0,0.151899800739113,0.247924120086214,-0.395646839682004,0.0959151908199695,0.220162848314941,0.19453387807459
"1141","95007",-0.0262155529691281,-0.000864368945902722,0.0249899595583067,-0.0281708623952913,-0.0310541980333332,-0.0317907073242625,-0.0101550207706504,0.00302577066417211,0.0269027281916502,-0.0298204842877156,-0.0548789328024316,-0.0878653198589811,0.0118774052123902,0.103705970723448,0.244632131629354,0.0048537461929164,0.0256222592977906,0.05723894160381,-0.0243066265564854,-0.0338397617976685,0,0.00383699616501446,-0.0360724634395804,-0.0249517590247205,-0.0159065036427144,0.0279296486259396,0.179401519018789
"1142","95008",0.0920940805716713,-0.251223409262852,-0.323035160478106,-0.198138765470406,-0.381620309193981,-0.720029474037193,-0.0365952629259758,-0.303516736617607,-0.00436308267435699,0.358120196543904,0.022348445019522,-0.0135029430766813,0.277112808687753,-0.0415338364890604,0.071981723440367,0.00794302685390449,-0.010915720557606,-0.0739865781717587,0.0360988048713629,0.00571341793006144,0,0.035046456530297,0.0516596261516602,-0.21769473287095,-0.0366907504809682,0.110418440884871,0.249801450345166
"1143","95010",0.020931860963566,0.0460296299182075,-0.297534760136078,0.0159162020899741,0.191849533689444,-0.156295564030347,-0.0681574730884268,-0.0479200311467743,-0.108337809660786,-0.146949538976093,-0.43394649914598,0,-0.173409326012872,-0.184064948046002,-0.102638564039352,-0.107200604355824,-0.207671228583574,-0.207966890625434,0.102432546119494,0.655006094156594,0,0.0826470498067818,0.394619201989889,0,0.0388838284444053,-0.101612222937089,-0.303206022171325
"1144","95012",0.136940334942455,0.104038418839764,-0.584876217645503,0.0364071905744455,0.00949687458800737,0.202119878456678,0.0538617853231562,0.173305317040085,0.211015705473072,-0.0572246176190422,-0.090502362610843,-0.420374151069884,-0.017181025849004,-0.0928730851515937,-0.355218478648368,-0.053024283690297,-0.161138743837027,-0.140408877685132,-0.0873733770124611,-0.326502955019945,0,-0.0447248674380717,-0.0173268938242294,-0.103958013350027,-0.0175194193887644,0.0311040785491561,-0.0212228871828555
"1145","95013",1.59848790797694e-05,0.0180450244516672,0.0297878706329809,-0.00573849071323682,-0.00885902023126169,-0.0150476095657242,0.0123954756949111,0.0212607422119814,0.0407609188475239,0.0571805724398955,0.00388948769976625,-0.00474956385976885,0.0255011673925637,0.00608179298074329,-0.00143224521400633,0.0083023952389138,0.0243833348022579,0.034120039004096,-0.0243282115985474,-0.0195840897856131,0,-0.0200946137182159,-0.0281319411466718,-0.0360652091915325,-0.00386640745729251,-0.0186331427215626,-0.0182048150565611
"1146","95014",0.22819741317611,0.215779822648352,1.24684908827419,0.153944681184605,0.11804770850317,0.537077137142854,0.0138831379381215,-0.0024175413588829,0.165588390567196,-0.251993200855662,-0.0920007239687362,-0.379108623800026,0.320222187991965,-0.186832687934131,-0.33607623479928,-0.030691724897504,-0.0160853214226964,-0.193378015794641,-0.0186241015923971,-0.388396614739566,0,0.30908352736534,0.503785565154308,-0.178642248178451,0.0891850208803723,0.28945560428467,0.859543499274449
"1147","95017",-0.0239178410602397,-0.00586151952582385,0.00114012658733993,-0.0197848046568845,-0.0221741486919697,-0.0223185655062834,-0.0161325443338607,-0.0197035917348947,-0.016155301537653,-0.0213409574574702,-0.00521211211800553,-0.00900183051890509,0.036640350221518,0.0660231080450542,-0.0436928752630234,0.0366866272894982,0.0475332796012811,-0.0249900530512662,0.0442754127137253,0.00477001609990904,0,0.0352591250430567,0.111522431176783,0,0.00640321939262209,0.0305871892450386,-0.0177882284421031
"1148","95018",-0.0655900967777638,-0.0875348324941428,0.278761173271444,-0.0646602534098844,-0.0892762270403933,-0.145984951278387,-0.00512204472658909,-0.10806846386696,-0.144268001513461,-0.220303932243392,-0.22599126469494,-0.261272878200832,-0.101694853273856,-0.0804049804643251,-0.0912321193981175,-0.0189243060411486,0.0148998688522811,0.045903756915707,-0.0209647955166551,-0.175789683446307,0,0.0365636132025454,0.092950720823672,0,0.0552622186051276,0.00858361745997194,-0.0153666041977901
"1149","95019",0.104064009894499,-0.233542510240175,-0.521749163099497,-0.00167431473690139,-0.249431673341766,-0.389373548046006,0.0101405988963475,-0.0485695435907854,-0.127465266600239,-0.126685574010207,0.0737307774239406,0.526617755197268,-0.0720933722945001,0.0608384517557811,-0.0252151081316391,-0.00415266555380256,-0.0724664903541743,-0.155533478894282,-0.139217351058616,0.644734682809741,0,-0.136288928591108,-0.203035087658687,-0.262784815182818,-0.0167188288702444,-0.165348757698558,0.0241586165122888
"1150","95020",0.261024788121551,0.533838057676915,1.43607513229712,-0.0259424867978966,-0.0792055747476445,0.130228573387055,-0.0617340866464856,-0.173016203904962,0.3086490765415,0.469890619811789,1.00047839357254,0.925087127659051,0.29635627494742,0.682045674109088,0.989969303773367,0.0845556804129008,0.258071993328541,0.351348171388253,0.40079955601147,0,0,0.190048756323599,0.411565747922774,0,0.207826484008618,0.700311635692877,-0.928466603412164
"1151","95023",-0.105711120470501,-0.27286240859752,-0.973733802766563,0.22422697076763,0.191658283886978,0.137304717632596,0.0292399375821597,0.131316316943694,-0.0231328655884785,-0.224405470777737,0.474761150490719,-0.923360234045481,-0.140958919129188,-0.154043613415254,-0.0505575871586685,0.120480031893172,-0.193853835867073,-0.322404134357631,0.0554052607793033,0,0,-0.0235248162214239,0.439638903372131,0,0.194689537267106,0.0186685876367843,0
"1152","95030",0.128652040483641,0.176147688003206,1.0320597310205,-0.00146587731952892,0.014423957157059,0.144446842127417,0.00302663331492752,0.0479727622050775,0.0565094091242433,0.0975598270348135,0.246516152223523,0.21699302719586,0.0170939748469884,0.0852367792984787,0.142155682105013,-0.0595680288851413,0.0179144852667901,0.150856038322287,0.0667025675749354,-0.322157919926516,0,-0.0379759497558627,0.00216792306410528,-0.400815715461266,0.0552965260235681,-0.106804792611358,-0.549767137871344
"1153","95032",-0.0156061894284168,-0.414916132983109,0.213956374453515,0.0594767026910392,0.13109487139321,-0.299815729005172,0.0724116457500425,0.229355671762138,-0.0976817246388827,-0.204396449901719,-0.107536301645817,-0.132180801644412,-0.0954713012418242,-0.119137145103933,-0.0678855794310623,-0.153432507579819,-0.0348068951047054,0.138522690540031,0.119997667162747,1.0130264015564,0,-0.00568763515896004,0.483087105343747,0.879542776181971,0.0656104605093676,0.397707262850656,0.39045879744019
"1154","95033",0.0439052949381041,-0.103660254751215,0.0970248617316652,0.0269056104325782,-0.00800583873087515,0.0603785240397652,0.00819153656763985,-0.0247959975830205,0.0236725624848699,-0.0932469117036135,0.0600677525752239,-0.00528392298451698,-0.0998251569383068,-0.00374663995815279,0.0284282275108241,-0.0609461788748194,-0.0426404861753858,0.0193355815066613,0.110463105472654,0.096253549433849,0,-0.0154124537949734,0.0769425832014932,0.707946286118473,0.0544106637340647,0.122528845759588,0.368834417096147
"1155","95035",0.0135229829189039,-0.23564913502849,-2.05776185370636,0.253210614291661,0.17019631791515,0.255114851597313,0.159632365549609,0.300780227086613,0.184254022737433,0.23291357778998,0.134795746402382,-0.624442039505303,-0.194128186788473,-0.261077371908773,-0.802362153489975,-0.321080047158806,-0.0196660018531615,-0.317685317294451,0.600439705711575,-0.281169607825097,0,0.478732323148027,0.319645028601518,-0.492408664585806,0.202090879283112,0.473335080588725,-0.200247688922777
"1156","95037",0.770500577244375,0.99839566710468,1.72879925278745,0.434455585193863,0.0261457167601894,1.40066679441248,0.0673813020518826,0.247202630021016,0.311938965371291,0.493547175111954,0.960804253401401,2.49359983626793,0.0324494961683482,0.063595338267468,0.457599896267651,0.150557042330212,-0.0947961600626972,-0.239876011182509,-0.122265453884156,-0.943995827318615,-1.05837825550712,-0.156618571188915,-0.192572229966557,0.867019449654655,-0.0360842384060039,0.202666580819928,0.561283407109329
"1157","95039",-0.017787351319177,-0.0756429529573726,-0.0373078086907239,-0.00482263398752245,-0.0375716794898612,-0.111917053814586,0.0286991349020518,-0.0308263390657805,-0.0248923337198436,-0.0481237145961984,-0.0321858824745754,-0.017678218858434,-0.0214719721409825,0.0439348610219679,0.142358269872505,-0.000252993655130244,-0.0137275841698032,0.0248240611737679,0.0628579074298879,-0.0623458615544095,0,0.0835039282446165,-0.0625699795015763,-0.0422480816234028,0.0436398390711044,-0.064473544893457,-0.0342231267086487
"1158","95041",0.0611067483031133,0.159269899029151,0.533310753811886,0.0183865254925613,0.0492902186308226,0.0993311193754051,0.00812599372720662,0.0188581889424498,0.0391073280347383,0.0575808164970189,0.00210180654719088,-0.00457193346236313,0.0427522095596645,0.00688923572404801,-0.00308286831402627,0.0148004970589449,-0.00643597824891026,-0.00907002507504001,-0.0115432851272639,-0.0111209083313293,0,0.011658659238645,-0.0204913947081378,0,-0.00647270657005714,-0.0156653758799521,-0.0112380407640243
"1159","95043",-0.0357307400065479,-0.00799354762622081,0.00469603183589305,-0.0051058801842259,-0.0433481344974194,-0.0494032254100144,0.0121623721207957,0.0167033709688504,-0.00749684697550824,-0.0407981540817953,-0.023949140875889,-0.029098125877139,-0.0377964887179465,-0.0262409142017789,-0.0341450865634239,0.0149716043218717,-0.0361294920773607,-0.038116469838074,-0.0342336855250006,-0.00474446128978119,0,0.020940487804435,-0.0276399870337939,0,-0.0111313227628629,-0.0338464856146383,-0.0301053137269565
"1160","95045",-0.0112908759223502,-0.0162268700007056,-0.125039182652122,-0.00658393516936599,-0.112401378583883,-0.0704732181962278,-0.0460799391319006,-0.0556509375955839,-0.055371828880739,0.00300883268860269,-0.0961671030275223,0.000912371583033401,-0.0504092574487939,-0.0616895447639826,-0.124029756707311,-0.0184155556813828,0.0543293413164717,-0.113214468917857,-0.0849728063782885,-0.202066117346451,0,-0.000889019390324765,-0.2412245769035,0,-0.0160165234730863,-0.0431245876760168,-0.357913576710733
"1161","95046",-0.103090789136417,0.158075992056019,0.171729996621511,-0.0396162640812163,-0.145933053289718,-0.312923454624631,-0.0102255118022553,-0.0435192610021697,0.074524169545271,0.0945700662486442,-0.452758557036135,-0.448480264005186,0.167304746617152,0.0435457415496873,-0.0667025996829985,0.184157333226224,0.139430251224611,0.0600592383577473,-0.0129699456337049,-0.258472328618316,0,0.022269755604213,-0.0935124687107391,-0.416737490031228,0.0396413600063125,-0.0718587490319773,-0.0651490690641659
"1162","95050",-0.371891398886238,-0.41902878793808,0.148701358185714,-0.0797493572872199,-0.290486827313659,-0.189946574977622,-0.0482230187050527,-0.131486934962281,-0.473449164597576,0.314505578461881,0.0627974591814137,-0.172884112910811,0.0969391920189205,-0.174935707972473,0.46782467957824,-0.102780029829113,0.019144054548486,-0.095605801469452,-0.0466632415098213,0.141421342837998,0,-0.199518494793525,0.179756783089566,-0.0403614401623089,-0.102621294918092,-0.218585428630419,-0.380275886138027
"1163","95051",-0.37812612774637,0.493390120715582,1.68553104704634,0.0436361678817193,0.160551189790539,0.621713417320671,-0.00389415975460782,-0.139486742323013,0.361165704892382,0.706365599668575,0.809302316241328,0.735039352163917,0.29266648295725,0.163921227941093,0.622660764692242,0.309084606428477,0.145839381142634,0.231378136255112,-0.0633514346074748,0.0920121328761698,0,-0.0922823194747127,-0.197121125488341,-0.171817696177919,0.0299335448468226,0.339315936149181,0.113755629378429
"1164","95053",-0.00126501018131264,0.0136583510445429,0.0228362246604808,-0.00320524195448218,-0.00773792649257311,-0.0117889884180177,0.000733819352803062,-0.00333609996364125,-0.00516902807997859,-0.00383161208673626,0.00570612065619206,-0.00737568974330229,0.00116298151151341,0.010144004234887,-0.0036758773732665,-0.00116381068911574,0.00145209762369056,-0.00226278574475558,-3.79369041323725e-05,0.0145691982865868,0,-0.0058227980704361,-0.00815282231613423,-0.0168995088717628,-0.0139818181415858,-0.0179277083802557,-0.0252201084109003
"1165","95054",-0.170573050569958,-0.0612453430532054,-0.86372263030437,-0.00279654852870198,-0.0334395094739336,0.225561711866556,-0.0504159005665254,-0.0722553313457591,-0.0793433393362146,-0.01425101253437,-0.139785893022579,0.000905523803894919,0.011299451889767,-0.0948127124449895,-0.1110472773594,0.0175892250822005,0.0175336435332558,-0.105322048540637,-0.0756381967670368,-0.684465410848175,0,-0.0712637025772228,-0.313851057403837,-0.829760918615549,-0.0353083078925299,-0.155367919354223,-0.817550715318863
"1166","95060",-0.578106733545104,-0.397019602091096,0.529294686668479,-0.264714847545224,-0.621829805558794,-0.483543355531109,-0.0507168292841203,-0.383004710649408,-0.739302077868816,-0.217486299175623,0.620508812494597,0,0.0178412505834214,-0.130642465216598,-0.202609850087494,-0.0989593937960527,-0.302953665851109,-0.250272046666788,0.0131382233918374,-1.05511692906149,0,-0.129802736816842,-0.320421043244203,0,-0.129088492807765,-0.0750300506958673,0.303975435578203
"1167","95062",0.366299449946908,-0.253673629052136,-0.658534677224121,0.0592906208804408,-0.205931790438221,-0.355212516516678,-0.142484370545688,-0.172703836519678,-0.158512171664439,-0.568667358092238,-1.51617412787925,0,-0.164170233321559,-0.076933463259738,0.322909787663424,-0.0834358851527546,-0.252630718337178,-0.16851516097269,-0.317610978337609,-0.843406350928269,0,-0.268811704977953,-0.92190564000584,0,-0.063849068491857,-0.0561453964092298,-1.51095386572567
"1168","95064",-0.0150334896291759,-0.0133591500717993,-0.0325479619937622,-0.0140092282647123,-0.0210502601173934,-0.0288301342553476,-0.0106278141914579,-0.01236725437473,-0.0146585532562277,-0.0240439418795552,-0.00858411813485457,0,-0.0172644408962869,-0.00827208735449662,-0.0177890837727861,-0.00759809962232002,-0.0190125594580419,-0.0242103444669634,-0.0156337747151763,0.0133482940181107,0,0.0186582755812399,-0.0329172246470704,0,-0.00200811772627796,-0.0342578754108879,-0.00186620985506272
"1169","95065",0.360546729085751,0.8998419601424,1.10729322929312,0.16433490714698,0.339129583759758,0.113591748205649,0.102975853843149,0.115062485504883,-0.0306555437380956,-0.133093158661263,-0.542161873791063,-0.488075030212641,-0.0502418611038859,-0.0458127102698245,-0.089751627657325,0.00834709137936102,-0.0520395620497266,0.104768948455428,0.0912889504246518,0.611336319453819,0,0.0721057641764013,0.246185527414563,0,0.0606820966893966,0.227414680895945,-0.380092841974526
"1170","95066",-0.0212314582093291,0.349209719555962,0.900642579642249,-0.0241658957548638,0.0439628897519439,0.182831410561786,0.0541068430079487,0.0290656322049207,0.149931894401027,0.0288166614125973,0.205148361547017,0.378510459346152,0.0827685220630653,-0.0694563746617996,-0.298188521057678,0.0394197160071988,-0.127793456617287,-0.0639174672555232,0.102256958071562,-0.163755020372464,0,0.210700255800823,0.474645377319497,0,0.0766553807822031,0.206502437461085,-0.329850319958626
"1171","95070",-0.134921826638488,0.131394434305659,-1.04047000958489,0.0811897332843694,0.0103192709433757,-0.535621379992751,0.232104205384186,-0.056503384495434,-0.245180636434368,0.438509284347428,0.564974003662796,0.690419929592893,0.269785970464598,0.772948644212822,0.868137210757855,0.175940864288486,0.323119468769441,0.478226995594982,-0.273671942047351,-0.279593746977351,0,0.0676799680787094,0.273476731329808,-0.265868367088267,0.0375591607624941,0.0460517819100549,-0.0682962920836991
"1172","95073",-0.0241819327680629,-0.149577248606628,0.573429168728122,-0.0451769278002071,-0.242575673857718,-0.193868034119382,-0.0215415266530837,-0.0470366229457985,0.132988113098315,0.00610232662653384,0.641991263751166,1.65692124165937,0.0304415152916934,0.00576647376278723,0.223117488433007,-0.0516927760515517,-0.0442105682656481,0.122136236748823,0.17987444474655,0.547184208809935,0,0.149288020916484,0.531491697670765,0,-0.0237858858825592,-0.0828584263099652,-0.36610623259799
"1173","95075",0.052885505582342,0.134791675687243,-0.00728936319161062,0.0119581096012555,0.0387888039543503,0.107711627951652,-0.000141006787119344,0.0122743034999771,0.0408753560883627,0.0527314833614857,0.0014361661922305,-0.00441657013038448,0.0133152447711745,0.00184058141726344,-0.00995527030108763,-0.00600364243064138,0.0116252974068684,-0.0248968348343965,-0.0245812571889861,0,0,0.0327358642378651,-0.0564670094312,0,0.0176616200621548,-0.0439985228923444,-0.057788277876505
"1174","95076",-0.32422874988194,-1.05538885869686,-1.74508116609955,-0.43228762037506,-0.0836395320679219,-0.260687804078412,-0.258358506116854,0.418405559417952,0.47242784035862,-0.153805486307715,1.06452684143928,3.39524408552387,0.313949549540248,0.305505045001209,0.721823556912041,0.0631818456488224,0.0384831120242354,0.493575677864786,-0.0140052081196805,-1.78571023904263,0,-0.238249558801769,-0.0715249267198536,3.70391539489607,-0.17814479747165,-0.0307162885983322,1.64919743564505
"1175","95110",0.195249470087028,-0.0216629514656027,0.431422400742742,0.232171848164036,0.138433483004583,-0.112017398607025,0.0458361589211519,0.244982875284768,-0.08747122245849,0.441944466342722,0.113211062214544,0.305532944124016,0.312172401160142,0.242498842946994,0.43181732218441,0.286790853270297,0.303528969771393,0.182294074378802,-0.237972779508619,-0.64738968107913,0,-0.0190267074605183,-0.0674512322107809,-0.786376531600727,-0.138082311486978,-0.151118888348323,-0.0178240625425963
"1176","95111",0.245106869071761,0.748103808124207,3.59857237151426,0.45211926485391,0.500470508962352,1.16931023183557,0.308713787249068,0.418416006302544,0.341799845240231,-0.0627042612157558,0.34912065228329,0.684504574663072,0.341595693856099,0.255278634741319,-0.0439163587089051,0.0892410850932461,-0.07116222789645,-0.343782208637247,-0.171950582063805,-0.0898655085722399,0,0.115362062453673,0.566307002542294,0.748741155824119,-0.0432031363698799,0.169624826026968,0.672788130024114
"1177","95112",0.989198544057077,0.729652422070045,4.0985957195093,0.547301722748612,0.604173372589016,1.71420438812705,0.269097530217262,0.460590382345546,0.628775045494274,0.429176810907264,0.331130128492043,1.03052812873151,0.312055740869414,0.646428976651186,1.32898532115367,0.171694342844991,0.428702796331093,0.823657493772805,-0.281242683708901,-0.438227583129827,0,0.16410497336054,0.0442190242639253,-1.37322545496035,0.0583811023667918,0.0316967691734374,-0.865337790443762
"1178","95113",0.218822119498707,0.429413073149522,-0.0268942018383213,0.152002549890028,0.196697787349674,0.419912310531022,0.0463637642540653,0.12913488533586,0.180519189038601,-0.184053215575216,-0.107325730070102,-0.0837184114440906,-0.0282518849101709,-0.110437840018101,-0.0541589698934912,-0.0044758903971282,0.00459701649848782,0.03180113424201,-0.0163349423241207,-0.0923278986224623,0,-0.0113773227233205,-0.108571846456866,-0.109691820866701,-0.0149714146221453,-0.0964887766243572,-0.0769841410046382
"1179","95116",0.200728316582367,0.408387061018016,1.18064475652269,0.261933052219826,0.608909077147048,1.70064044874598,0.268597785181243,0.510728659628335,0.962409442041291,1.57559135631701,1.59292885296908,1.66489472560213,0.522960214614959,0.337464743656568,0.141151710224182,0.144490938936812,0.184717503072012,-0.0248102392851956,0.0343103787437421,-1.60276889063175,0,-0.0397260339288801,-0.443576652506892,-1.84356326691385,0.00120954088056522,-0.143310806852227,-0.726978348617652
"1180","95117",-0.321898328298344,-0.129734313480389,1.9020926364958,-0.168629122451868,-0.0255170561589315,0.825189245293154,0.00640469143872742,0.0897196679241048,0.466239432835534,0.274645470289778,0.315466933858582,0.212927858661188,0.178326961445325,0.117009161852882,0.157593636220455,0.00266201980953778,0.0105116772213048,0.137000813678592,0.239841141480122,-0.605374816394514,0,0.0614174876939521,0.77166388792657,-0.761050910539629,0.139723221064899,0.36727743944897,0.403984192568879
"1181","95118",-0.176648220569638,-0.285562212725558,0.251369501747691,0.0575513373831155,0.24211711070285,0.71421972393353,-0.128067482211339,-0.239912433437763,-0.149156298425593,0.170619364159538,0.259377279241967,0.670458337749002,0.104442110748352,0.13379084770406,0.216025684240433,-0.0359885369011286,0.078182262809463,0.0877271584770525,0.19787068777315,-0.271045045932994,0,0.0455478973708227,0.567836588675355,0,0.170619745949199,0.126167719968679,-0.0758313951216997
"1182","95119",-0.00901126888959808,0.233462362571333,-0.0254141523172228,-0.0862373539525648,-0.0556256600783164,-0.0779534610230362,0.0164253738741495,-0.0643450540914068,-0.0128905224031931,-0.119390101162693,-0.0230113233926321,0.00779951721837251,0.00236702800835726,0.109215565802757,0.0531492588842572,0.0722699993555896,0.0174932626407566,0.0221662268001097,-0.178671797553913,-0.358888769845804,0,0.00824197800691791,-0.200114147752339,-0.267879518592565,-0.00723300171128093,-0.129751667068982,0.0338693477196556
"1183","95120",0.438442259872501,0.116818636971606,1.82852421655679,0.0213192425675134,0.385313927807239,0.565367740991922,0.155141975274188,0.581478429231238,0.45011483904444,-0.266924118016071,0.0972808739093741,0.370926009287471,-0.108367491166431,0.079208791109844,0.0931171510496272,-0.130219985835554,-0.0294533469703991,0.146894235364039,-0.58943838794951,-0.303430206294249,0,-0.237724110551713,-0.000324508013403865,-0.947916198842012,-0.200945572323979,0.11237985569458,-0.305437428439694
"1184","95121",0.358449174677379,0.105157658729837,-0.456880204793286,0.0576510986002175,0.243984945637245,0.85199453782578,0.0462623474999574,0.0731523159606663,0.305633217537295,-0.208986030504033,-0.0773784203796053,-0.0377557209399523,0.208608359010771,0.352822655139496,0.241310692500031,0.00130472208105736,0.0462525013316078,0.262962797567844,-0.141664296851121,0.0022074110758063,0,-0.121611809285944,-0.500047886433294,-0.462853325715486,0.0195864255340886,-0.0980027652763333,-0.36153939667774
"1185","95122",0.620036217467793,0.689171951759816,2.40571706178898,0.259512954845088,0.42266239110479,0.680575190076959,0.0531316383433612,0.369886844289292,0.203654638046,0.635577494784747,0.484899728155019,1.10953527675555,0.220415139314988,0.276931004052554,0.259384599376042,0.18894688442478,0.0176945507192462,0.4005520991881,-0.370619030926269,0.330708174427931,0,-0.423600030839681,-0.45934957161872,2.13527189135671,-0.212197054288799,-0.268007440958775,0.0871351855909064
"1186","95123",0.279971382243783,0.84254909923464,2.22757643177994,0.0127791539600015,0.586957547516394,2.01893022004957,0.231084364989488,0.112111987889353,0.917540194128215,0.638938480995208,1.0780474759252,1.44737352674218,0.35225420241417,0.778036548163131,0.641287802048291,0.00547363522425017,0.214591006233019,0.442358506170435,-0.115166941408535,-0.692416223376539,0,0.00205736569177546,-0.894962594947394,2.45866305155188,0.000913219096831131,0.0033691471011613,0.886692666949627
"1187","95124",-0.174484720763113,1.04757083642088,1.60265848738608,-0.347139418636454,-0.0905351632595504,0.237967838179312,-0.112929116136864,-0.15091825841437,-0.0174454240535626,-0.109235140481167,-0.216412674118746,-0.0614431718172696,-0.103936343597512,-0.181587671132627,0.0374961939062986,-0.0414070523104835,-0.13408424874584,0.062962773144638,-0.0488796388542182,1.50164684817632,0,0.181768870122378,0.296995625666921,0,0.259436024784866,0.136572130623192,0.284120648347685
"1188","95125",0.243259211962242,0.229484190864689,1.57480782323068,-0.00916509923702353,-0.0907665616320855,0.683182887157579,-0.0711953694207578,0.189707639839399,0.269247633418907,0.326895817125088,0.592842395292582,0.0924772220773964,0.197552823977661,0.355960996190898,0.0947392247008664,0.0738551491652593,0.246920261157797,0.475431806821759,-0.622394996361773,-0.105067586381008,0,-0.476606869619173,-0.230986672479083,0,-0.179117300553332,-0.396672272178598,-0.732935669064617
"1189","95126",0.461831749224054,0.903327794228419,0.62640868555805,0.113601862914669,0.492396362705344,0.293358320367854,0.00376435243567992,0.0631404612857459,0.17121658712813,-0.0934380440865827,0.0736726528523485,0.530183524432657,-0.023757948863395,0.170759617518666,0.266943998930858,-0.126230568996827,-0.129213620154772,-0.112343418143519,0.0717207680482384,0.419661165407918,0,0.0718646246340157,-0.511215339498842,1.45296474701424,0.0505198671669155,-0.0281798955284339,0.429115638239618
"1190","95127",-0.0555009344867392,0.439541100644548,0.420702576258457,-0.116771005154348,-0.0387464303324273,0.412296590501616,0.00778585382943566,-0.224141243135258,-0.277297227262315,0.263763743630575,0.266410854873361,1.45904699515777,0.377860187300511,0.664365509556848,0.903852400861914,0.261485748604768,0.422528764206633,0.388799445215915,0.514158755850239,0.481203895970455,0,0.171222560042869,-0.35955498338163,-0.562134074022517,-0.105808701065629,-0.210162296852023,-1.07276741326464
"1191","95128",0.0216658731315958,0.193650724543468,1.96296364685196,0.0572918200839408,0.0886193864811726,0.760784076880704,0.20053918296123,0.282513703967904,0.104545180094478,0.0444509717069928,-0.0394491566596118,-0.154285137782729,0.103374647591869,0.567260662660598,0.668879996812973,0.150863754487669,0.684504618419547,0.727353388766263,-0.596106224617873,0.634911318467081,0,-0.101906389995252,-0.32560514921151,0.647245184097596,-0.317269716742679,-0.0734585178988465,-0.428130251069825
"1192","95129",-0.437319284961309,-0.0838442056972865,0.0234382638623142,-0.294677216800767,-0.422267270991764,-0.1215834596516,-0.151080389051993,-0.22082182226619,-0.176709804394144,0.132915647985654,0.360181706541126,0.347577697961341,0.0449588998285467,0.0895656086390759,0.0931788883354797,0.117929083550992,-0.0656355762964811,0.247880907768033,-0.314091112967529,-0.100059953375993,0,0.0274947959546543,-0.320778570920749,1.68877926423746,0.0473456467114228,0.0470287860228955,-0.0477163099023348
"1193","95130",-0.111266322722777,-0.330294070447909,0.0768228083889938,0.125118855328948,0.146928137798518,-0.0891663275041668,0.0678760376906155,0.205235710458094,0.1196698893349,0.0653887105696046,0.38786810066158,0.360441897633713,0.0566293665241497,0.278563887664126,0.197818875317022,0.0749520448711316,0.197817170659702,0.240652159431683,-0.31594564446523,-0.357668427500444,0,-0.112150018604062,-0.1936011589415,-0.441319305603128,0.0979373266696989,0.0469439253009514,-0.0207267998082207
"1194","95131",-0.330740179711602,-0.333719681563721,-0.823254545819047,-0.253830505266788,-0.295057662020493,-0.015945305440611,-0.0795351415364357,-0.100076148661953,0.047355218559407,-0.10315727864622,-0.0574869255888449,-0.40571607088493,-0.190765475790962,-0.134613773739652,-0.400368395235097,-0.199135573945134,-0.249974572370327,-0.0514949971183437,-0.099807308725032,-0.407093945810844,0,-0.0616825805582999,-0.0671337493475176,-1.06380056499389,0.0267354991839855,0.0538663727256095,-0.0476623706426008
"1195","95132",-0.110656737560103,0.00131263821755413,0.706065312396846,-0.145787304892937,-0.125057248169723,0.545980660327038,-0.156937192089156,-0.144261387752749,-0.108788533732569,0.050099382842583,0.109440046761868,0.0548657976092971,-0.0813885068564983,0.199728931230567,-0.166370750717158,-0.173722804167152,-0.0844508023887795,-0.0875410663391419,-0.410706774388024,-0.270335295934286,0,-0.298178999040141,-0.341202542187292,-0.178391671108571,-0.0158308158424148,-0.0278090718724272,-0.371922193875328
"1196","95133",-0.0839764166308253,0.358908314981985,-0.128364954428717,-0.0169852611905131,0.280155996316119,0.512820686157605,0.0332139478856901,0.256114431421742,0.424642385423258,0.329812992708135,-0.236093650889801,-0.529970997157358,0.381042726417343,-0.0370341174661814,-0.129991934205647,0.0285876772389429,0.00802231043091068,-0.218857345154029,-0.228624728458209,-0.533315420626477,0,-0.0502892896509178,-0.09335079234326,-1.31775006846706,0.024372296465403,0.0338058192577919,-0.273248234688761
"1197","95134",0.0152321299989838,-0.02810581402565,-0.308313968164484,-0.0211700226549178,-0.167248166428262,-0.329511240214468,-0.0903988359355835,-0.133831503375956,-0.177757377163449,-0.120085886372283,-0.324291346191476,-0.47942496472768,0.0688124129732861,-0.0779587954004925,-0.286471440520011,-0.0433819051080107,-0.034232221622851,-0.209680118844636,0.0254499481119867,0.0112559108449582,0,-0.0179681199013641,0.164501758084225,0.406883305721068,-0.0740332890534993,-0.094306094423917,-0.0844899408075432
"1198","95135",-0.0786793872107765,0.193360270621144,-0.0150859954277139,-0.0762098353288692,0.170069912280541,0.187988004380729,-0.142806102870068,-0.0160450471308868,-0.187469315700043,-0.104420635942082,0.0299887987534482,0.207979501303682,-0.0489190619616031,-0.0135323293048048,0.153338130248426,-0.0616762661968329,-0.143388545946021,-0.12771006450712,-0.217207500145462,-0.50529503720569,0,-0.105443597630874,-0.149471692946229,-0.692907959868464,-0.218242353784548,-0.388118480316762,-0.686624843788876
"1199","95136",0.443050133667189,0.579693625275033,2.30326362400376,0.0950771510825176,-0.196884978174255,0.903013777507548,0.16327360806547,0.0183982454751149,0.329811206669117,0.197949761162494,0.428707070090759,0.443687920785646,-0.0610770101570397,0.141189814457793,0.309662959885172,0.0200031986018914,-0.0579819024804716,0.0890982091812826,-0.0439348602967301,0.367916256910975,0,-0.0889223037343458,-0.013006390996203,-0.760332801442535,-0.106591187811287,-0.10392190765931,-0.258169930950967
"1200","95138",0.18664127712831,0.0910887083727346,0.0986264983228431,0.0747195933041336,-0.0272339549164145,-0.0764875616228673,0.13488399502146,0.0808025075369243,0.235656554933453,0.272911681274454,0.373221618055262,0.320470118684335,0.0107490314641973,0.078291598047377,0.0852212420450684,-0.00434715929991569,0.0973497852932524,-0.0146780672748804,0.0480437142817688,0.727722759177123,0,-0.157429100312374,-0.0232900230236768,-0.405356445728183,-0.0192938270197047,-0.0930045947066437,-0.354005356757374
"1201","95139",0.0944686768609394,0.203904712048069,-0.266650564282453,-0.0125111237642019,0.0597246386309573,0.0513738982552658,-0.0324356687060796,0.0663809260287237,0.0487639311221759,-0.141873980826863,-0.069948757113874,-0.0388377006706668,-0.0984472504132072,-0.153544200525922,-0.149353391684529,-0.0654095108347124,-0.0992399671843873,-0.167416446159679,-0.0619533413089296,0.233296255407362,0,-0.0235163628341292,0.0377824004949434,0.818058540584674,-0.0697090932646137,0.0671859517997118,-0.0861613844319122
"1202","95140",-0.00230352274418197,0.0155457090904838,0.030706844663397,-0.00443959806136925,-0.00934989652056304,-0.0121448603057154,0.01056068750556,0.0132800789846428,-0.0102468202597055,-0.00123529303897596,0.0104803299155812,0.00156305522394184,-5.06883587734806e-05,0.0117361767618903,0.001643542251026,-0.00811767142120629,-0.000816839853956681,-0.0041786267236635,-0.0061648684883286,0,0,-0.00867164304848183,-0.0104212571534568,-0.0146709842216555,-0.0155052119818168,-0.0201816615047541,-0.0126572838145093
"1203","95148",-0.748538151214503,-0.937037711333246,-0.181384722491276,-0.295465069363376,-0.430060700513497,-0.712469678770059,-0.0641227989982327,-0.0624947547613143,-0.270371647628441,0.161136814701582,0.0481730815390469,-0.169332912905775,-0.204602750139252,-0.105306085364611,-0.170128349796906,-0.235735147369771,-0.143878555315119,-0.0742923453579113,0.214387700482929,0.845483875872885,0,0.231439657786209,0.410214263896309,-0.70874810634316,0.0966870854297598,0.300793381690588,1.23723223086382
"1204","95202",0.56277757116391,0.646208501145807,1.13483171047439,0.124629643692496,0.558992710152088,0.444686870606751,0.107947489189028,0.27452835455568,0.324825156065145,-0.271566426063566,-0.280445462596476,-0.141776050338361,0.0983748519426661,-0.0915944711567338,-0.247485472642571,0.0651546081162059,-0.0440545878037204,-0.0773710829277017,-0.0323514342401348,-0.00176490177643859,-0.664884093769277,-0.151377109396079,-0.14168033802292,-0.728209595352311,-0.148141561698879,-0.210927376948809,-0.390425082182823
"1205","95203",0.0321553329905585,0.0275393248027905,0.234092159992406,0.0476125357134138,0.0609506629575798,0.228896034384235,0.0428797459804813,0.153106419231703,0.159293757494457,-0.125682789729675,-0.0386234940207329,0.0277954723709145,0.0789483659761107,0.101624307190813,0.209192758831269,0.031164621966781,-0.00386013262311614,0.0207285016374463,-0.0835379739250537,0.437852425836826,0.234905116043335,-0.128981112894089,0.298852294621772,0.633794612928996,-0.280149564435505,-0.0541617958176669,0.0121893236720805
"1206","95204",0.546585880374417,1.8229946615648,1.30799417819268,0.509346574110908,0.826689082946984,0.907097728685221,0.344769631824635,0.302649895873911,0.325876839031478,0.351066290740364,1.49050692454588,2.06150751380456,0.701910956752385,0.961375356344702,1.16650559851363,0.271557574875251,0.548766672849654,0.669111116611748,-0.14365704692819,0.148205036449366,-0.809606832035895,-0.0656387409686871,0.407879183795438,0.0907634407659874,0.143241147871786,0.491861128591511,0.467036189507651
"1207","95205",0.892564827990228,0.615369402271018,0.343250985563465,0.0872495374379377,0.508215868360641,0.373767796352236,0.168421299616423,0.0405197231768201,0.0416928709493659,0.407618791023268,0.444331642594685,1.18584011143808,0.14212800075969,0.0844771157255545,-0.1375352011128,0.0814791159499755,-0.19260357852958,-0.150083211937648,-0.170409470886053,0.232248159203475,-2.8526631106523,-0.283672279123982,0.283382757282564,0.000270012073796915,-0.254968249092112,0.103232618588626,-0.0470171464613309
"1208","95206",0.368369642615471,0.672460484122662,0.9627638607909,0.363508676683022,0.281910864950843,0.760451187075988,-0.025631453888939,0.384124887943011,0.127942261366382,0.4995973157443,0.454145295158012,0.891618660360617,0.415931119747843,0.453120770595441,0.742289077441406,0.370624243206077,0.486871075832073,0.545815414537095,-0.14715299265293,-0.852103669401871,0,0.0785129093300214,-0.521760671294306,1.72046828521632,0.28600310377977,-0.111248246320473,0.0763443841623429
"1209","95207",0.864267164154915,1.46486517866189,-0.00958620004751583,0.29534944010934,0.683816884494956,1.99313872500357,0.510870197401204,0.388864754783236,0.63463442745608,1.62370901762991,2.41313538368875,3.36387337602395,0.250939532443709,0.641626150958747,1.53279107033807,0.189906463454137,0.381660628208766,0.658986225833164,0.4861926626902,1.58242820018324,1.79992018553417,0.603657340529946,1.11144573050944,-0.000784673701434991,0.156113622501842,0.53346057360971,0.056184423699376
"1210","95209",0.247595119223061,-0.0193359342555567,1.20341539670948,-0.159041170872537,-0.0796172264659135,0.369211672386676,-0.287434894651932,-0.14730733935479,0.06533788164761,-0.134920016443715,-1.04806280452088,-0.607740005835595,-0.0847305198049725,-0.610026971197051,-0.917383584054722,0.0419708178763044,-0.361141345220734,-0.696894552959769,-0.283005309073854,-0.106258274266303,-0.451392039514658,-0.245798850873341,0.0650467545547972,0.261919580414986,-0.319366665785612,-0.422148651450302,-0.0505353446310505
"1211","95210",0.494237418006599,1.56027325348128,1.61790383202723,-0.0227843593137507,0.76574943883578,2.14904116683274,0.0416977083129354,0.0794127276034824,0.567683384098623,0.207039749199763,1.30365274996515,2.75681832900886,0.217464688096086,0.187364484551433,0.112813969508114,0.281067931641951,-0.0552433207319184,0.0744831186444592,-0.0339900501729241,0.196164545851756,0.104349666161863,-0.449505751246175,0.28944861210517,0.279728166779448,-0.0347315396525832,0.253579033378801,0.335557946016148
"1212","95211",-0.00241589057827522,0.0106809206705263,0.0222521215768254,-0.00393847511091768,-0.00941221241660114,-0.0141895347840275,-0.000484777678412707,-0.00492436120192918,-0.00806302033254538,-0.00267861365600836,0.0061124061527309,-0.00633790165167632,-0.00149339602222867,0.00678126017837327,-0.00627284324177594,-0.00435901011892364,-0.00265742216661743,-0.00700462230250582,0.00131718962827823,0.0121607010299059,-0.011628603979508,-0.00340031322113256,-0.00788791701752047,-0.0159252644207966,-0.0073326926294549,-0.00828013099934874,-0.00838076751390166
"1213","95212",-0.0361799271491041,-0.204733093936515,-0.122297165681722,0.0662586579188395,0.0870890135956903,-0.108585141622861,0.04340183549968,0.0697662940855714,-0.0610903634484328,0.296574513884445,-0.313766337888653,-0.561237956135442,0.210659690427481,0.218686592042322,0.465866628168573,0.22312976390257,0.157944923330797,0.241055900147303,-0.299990112675878,-0.469988626240521,-1.06796475057523,-0.0690840048572919,-0.0328002703099937,-0.337053088471371,-0.0149534473734015,-0.0725408844126968,0.165103028563966
"1214","95215",0.317539701201121,0.682513110496558,2.11399264171659,-0.192842127970756,-0.106042868354412,0.999534537117265,-0.144869900264562,-0.186681798040152,-0.270924839666503,0.198626484068153,0.410953949107386,1.5657003518544,-0.0872540946802386,0.060556089249685,0.432242166093867,-0.1187312795523,-0.15157612834606,0.181833049735316,-0.0890472478343714,0.630318796849985,0.709637390697475,0.121104863913906,0.428712424978751,0.274443900762139,0.0700555375167303,0.145466080942605,0.525076007034554
"1215","95219",0.0138989861167205,0.0575437288766651,-0.27620658252355,0.165735812936357,0.44370146362367,-0.137692924210144,0.111919384093502,0.159049602307356,0.318731456058836,0.0129752174506744,0.0878751559358898,0.0631825585272123,0.123696459577158,-0.00535960973772102,-0.0820750902484127,0.0822338423155779,0.111441221939439,0.209122577058724,0.00289844768466264,-0.276236969550677,-1.04640689199155,-0.239076175127998,-0.67149093579493,-1.03046899368797,0.0271420738373235,-0.0656790599064985,-0.0959078453345853
"1216","95220",-0.145479694545512,-0.244706671894917,-0.447559937607802,0.0523145525533448,-0.203810168768584,-0.409303614185704,0.0351269754536424,0.0156878754616235,-0.100169434946369,0.0198637013897559,-0.217715136805246,-0.458219109365291,0.0740648511589703,0.0147572150141214,0.0748481407528951,0.0501717830123617,0.149703249949978,0.14083696742212,-0.181374225594617,-0.430915400791543,0,-0.0352651146113671,-0.0491957865860201,-0.533401239266431,-0.0585562234045251,-0.200388295809454,0.000581189303957534
"1217","95222",-0.114947021967106,-0.225418234526723,-0.185327625487885,-0.0737527021372151,-0.113668857118221,-0.101665793938334,-0.0408999521528564,-0.0180700423632702,-0.0545606776923615,-0.0433487330013618,-0.026395538540212,-0.217069540070452,-0.0248278423903576,0.0443333166489816,-0.109348788138295,-0.0707974181686916,-0.0449719250453316,-0.0566407008421049,0.124491020332542,0.183055172158751,0.666779440424432,0.142178238468333,0.0221437007206306,0.164199535392491,0.0968257552876471,0.0684777790728024,0.159787307485764
"1218","95223",0.251464223018414,0.413037398572365,0.449661752603345,0.16070558475746,0.281802106263691,0.543936196619335,0.0381162693168587,0.0843525661995994,0.17725078801309,0.169047529677553,0.250200547388434,0.271864333480317,0.160529445452064,0.103613584756618,0.210967101248704,0.11470811338225,0.182369343468613,0.277666985769403,0.0749886046130389,0.0215889987941675,-0.400122379726786,0.0567485094228243,0.0688361422940633,0.0728077696579173,0.0701623465993749,-0.0777529059096476,0.0209822144711192
"1219","95224",0.102119945924433,-0.0374559356654742,-0.0186377256857649,0.0203746018672014,-0.0580499485588229,-0.0647037258853432,0.0147324338824717,0.0130846115882283,0.0344999968782443,0.0984158601152876,0.106353352041027,0.184667646243704,0.0322146103863488,0.0918241529565107,0.0461403956612763,0.0125948425973279,0.036799682042035,0.0272819613666649,0.0260327056637418,-0.0546853476276887,0,0.0159767741439902,0.030092487033755,0.133156335112042,-0.0187139797488585,-0.025420245844127,-0.000399249613814506
"1220","95225",0.00495722505942622,-0.0252729043201502,-0.00533282800699478,0.0314722694627551,-0.0677866262274675,-0.0498827019527978,0.0193911243688546,-0.0145414392792612,-0.065831836411203,-0.0508875818294455,-0.0307437727014465,-0.0364069496204924,-0.0548668740808089,-0.0386624945708926,-0.0374617767389759,0.0280096731273647,-0.0245961746468703,-0.0555945108688136,0.00962629568678268,-0.0956572168572921,0,-0.0129063869898424,0.00555947193406064,-0.126040116464118,0.0196206070393591,-0.00499472882258239,-0.0640852772579259
"1221","95226",0.0478307949888167,0.174634691198925,-0.0466750392344515,0.0129548422357545,0.0373829747849201,-0.0647093442944386,0.0227599857823156,0.00875521779059296,0.020395616262482,0.0557240293994738,-0.0372178771088085,-0.0432499020627447,0.0238561722931182,-0.0150561914550837,-0.0223160352960576,0.00523580535472901,0.0217281833334893,0.0339912844953778,0.0649855030447321,0.00721067606591139,0,0.0217457522365543,-0.014976264836429,-0.0152732697207575,0.0047910333488741,0.0225378125263593,0.0618516376571608
"1222","95227",-0.0107590575014418,-0.0568824035118357,-0.0701177663831647,0.00320568789165639,-0.0272912798090488,-0.100484980708911,0.0100005733595939,0.0334618313771977,0.051611943905897,-0.00266331426585652,-0.0768429324851733,-0.101484958983029,0.0238952692447503,-0.0520870017371287,-0.0645707892016189,-0.0072126151580372,-0.0368255614449302,-0.0222155744576058,-0.0503126125702541,-0.0659982550782598,0,0.00477141635966972,-0.0468687936064513,-0.0340143295721884,-0.0139485505057816,-0.0141848302774743,0.0331645583376948
"1223","95228",0.0224752217393593,-0.144382653392696,-0.446978849357784,-0.0367495919989404,-0.135610240364628,-0.205502757550908,0.000490227855422731,0.0334288897879823,-0.0154403985646614,-0.20267877424292,-0.140946564067582,-0.106986441777297,-0.0290072162668698,-0.0155732993642543,-0.0671118498321113,0.01508082620579,-0.00719255769471998,-0.00975985933714844,-0.101259483954827,-0.256080442034546,0,-0.0461141463288958,0.0370857313753419,0.19123207241566,-0.0673868972126543,0.00248108884549328,-0.034711167587139
"1224","95230",-0.0386550162317097,-0.0292492008757842,-0.0153983503786963,-0.0404666097509267,-0.0448202145531711,-0.0496101890120902,-0.00858592562659497,-0.0197244834747744,-0.0416292337678856,-0.0368662045310201,-0.0253870383057582,-0.0351958442936481,-0.0350584721275158,-0.0220457464163735,-0.0349922183118279,-0.0243861679055329,-0.0331894862683681,-0.0357065095311804,0.140339861240483,-0.065242891387724,0,0.0173656824735563,-0.0793358282370104,-0.049640342434063,-0.00489966356013585,0.0340498024083575,0.00642973015332965
"1225","95231",0.0143650715117365,0.229230718193625,0.0823832357384449,-0.0107048631700666,0.258776076862866,0.582644440023491,-0.00390750269036344,0.0131726717281368,0.0850884816301568,-0.0157261426774393,0.0164429061667486,-0.193590560608498,0.0521153028468923,0.0731204603804519,-0.0504146189379039,0.018505128299551,0.0612268779878097,0.138008598846262,0.0972673809146991,-0.0572578425563361,0,0.0926014908390514,0.0433425799794701,-0.102953577975207,0.155214325722758,0.164398821860367,0.305453432449334
"1226","95232",-0.0290942426284568,-0.0228254216886074,-0.0187822780980393,-0.0335202087897116,-0.0421595733944419,-0.0513302933452063,-0.0182225691800637,-0.0156292029420591,-0.0412763357369957,-0.0490746114149192,-0.0349926444302825,-0.0541221333074439,-0.03813224238038,-0.0233495366339624,-0.032477237874611,-0.0294002370358574,-0.040128911363645,-0.0380556167471697,0.0272495827860171,0.223966299345459,0,-0.0125968998353897,0.020150490537418,-0.0544644523563539,0.02388353209916,0.00545430922223939,0.00657114588493132
"1227","95233",-0.0231099697686872,0.00831590819744432,0.0248437549111587,-0.0326036128452714,-0.0355675076961787,-0.0314866377765865,0.0197385242217014,-0.0296863936459792,-0.0285499729410162,0.107983181641662,-0.00476097713424386,-0.00408439852356241,0.0358047204031662,-0.0108407850914597,-0.0182272922432372,0.0209218264733917,0.0215235241075301,0.0312200184047979,-0.0149872661170717,-0.000254815578742077,0,-0.0262772365443209,-0.0184931128217208,-0.0252682762039454,-0.0311741358014909,-0.0243064201809236,-0.0190208942056403
"1228","95234",-0.00869577566496783,0.0018968833874218,0.0225871767450471,0.0137315844437684,0.0386534418099646,0.0892197782377225,0.00594432622236379,0.0099414650907576,0.0274576909348045,-0.0109295475291908,0.00134756815021986,-0.0028875173605872,0.0200389705576249,0.00580353927881361,0.00188310601311037,0.00311774250807597,0.0163184329072651,0.0283150506184148,-0.00740645180350504,0.00282928602916606,-0.00954102307907559,0.0151225567801897,-0.0182578169873013,-0.0237700030987308,-0.00330163313758015,0.0124628794119123,-0.0244090787567535
"1229","95236",-0.0426191077518345,0.11650748988004,0.00490719232516641,-0.0674221884667078,-0.0376536256075808,-0.146151635990165,-0.114771516370799,-0.0812321954557367,-0.0181092126429146,0.0671502109801335,0.160986901244948,0.0419406686751934,-0.0429851392988317,0.0759240211255719,0.00477786048481229,-0.0320296707125383,0.0149199222810408,-0.0219596765771967,0.0609054215569066,-0.0765777478636271,-0.143117002899789,-0.0815058520692218,-0.0586690610640705,0.193312992669124,-0.0102678404953285,-0.0514641244635674,-0.0134624416822577
"1230","95237",0.109044090630844,0.00536587522471746,0.114358306311879,0.150318257212161,-0.0972979085032147,0.133427821176219,0.0697552611591435,-0.0268753423336082,-0.0533869139018501,0.063669774385171,0.103315542577322,-0.229879983208094,-0.029243738922907,0.0099754078710933,-0.0727479041474126,0.081832212938445,-0.0704813709662073,-0.0406419922263574,-0.176630421126894,-0.433531814274887,0,-0.0536580387936241,0.0254683646780414,-0.229793000277902,-0.014703473623344,-0.0124058685448786,0.0546440573729139
"1231","95240",0.0050732404473081,0.589715115978457,0.815885860552475,-0.159582904606166,-0.0582088775689773,0.84944862399102,-0.145506512206932,-0.361088230245296,-0.336345447668235,-0.866744042980829,-0.810727862308127,-1.14474453333046,-0.230243118057814,0.167080123914124,0.485027918069949,0.170840022102926,0.053772419164903,0.416524447521587,0.110921215075711,0,0,0.0624499764627195,-0.17259827648722,-1.33928153086385,-0.247977842270972,-0.156185316607136,-0.256579813919667
"1232","95242",0.0202192649711784,0.257264717350579,0.0691133829291162,0.0376877030947413,0.394615034181097,0.493757240505078,-0.0181207520663217,0.111663456758057,0.76098555608346,0.426115552364993,0.164683147658143,0.940218204560286,0.143871278754483,0.187492371060026,0.0401768962286975,0.162528501672822,0.0782369787211477,0.118623621318044,-0.259352172943068,0,0,0.275521306861466,-0.0674038287408828,0.55879389949113,0.273287133904885,0.120949468537054,-0.429268222574393
"1233","95245",0.0659432722557968,0.186668272643575,0.170880010978824,-0.052723651314378,-0.00843345071504306,-0.07301716817061,-0.0518079554316645,-0.026679834977615,-0.0702013983870786,0.0720095038284352,0.232813877555958,0.0620145904034113,-0.0227004910316845,0.0555433874034121,-0.00139759585290314,-0.0441433516662393,-0.00841081132880706,0.0114624962792766,0.031459088738793,-0.0938920801258631,0,-0.0529435218971045,-0.134153953916132,-0.108566340296585,-0.03100722537342,-0.0841629158253067,-0.116233238570535
"1234","95246",0.11864325369815,0.143633623415912,0.0871493051542665,0.11120309106081,0.096923676060915,0.0322918473173934,0.00262639027857128,0.0609089426884393,0.100701149595869,0.182924460052018,0.0856124862946573,0.151782114036619,0.0893544940233672,0.0905700528162867,0.069851428750491,0.0298564330951859,0.0364946056981215,0.0190727136129985,0.00611745677429147,0.0436173221383321,0.695638377915769,-0.0324806541559692,0.0762095158608789,0.458058009112053,-0.0647399560341876,-0.0387781812030394,0.0403714718223948
"1235","95247",-0.172176451863804,-0.0905565045021151,-0.00197128173713984,-0.172281621335272,-0.118061614378691,-0.106994615911898,-0.0914813063194901,-0.101406334567679,-0.124218837587845,0.0636062755399679,-0.0375054772961826,0.0486220011623598,0.000930513287368175,-0.0621655951980574,-0.157046540815832,0.00362786360841451,0.00542972055781864,-0.0278870182689826,0.051759669453656,0.509624609513392,0,-0.0338696170264998,0.0284226015998541,0.443235712659989,0.000234059492272151,0.0654124982345306,-0.0246360665596586
"1236","95248",0.00843254831133654,-0.043484297646545,-0.00803741766699535,-0.0365970946678219,-0.0218223191247734,0.0320805143600065,0.016277332169283,0.0260633007535273,0.0775849562474286,0.0747389753281117,-0.0233549201020683,-0.0236612743307331,0.00550077666722374,0.0450978046747472,0.0711461952905261,0.0199644628355729,0.0147038325456155,0.0337635110285444,0.0837979379345089,0.322282943910777,0,0.0625342553570818,0.07184155228064,-0.0631905261726285,0.0216096234752247,0.0879323786220701,0.113838949092323
"1237","95249",-0.0296373457095275,0.160780987515899,-0.104155685476724,0.00868151466521547,-0.0269623726301245,-0.16662088753366,-0.0345655682078405,0.0632296528931637,0.07631503281225,0.112506125723793,-0.0728484130403439,-0.00740762608069144,0.00581429185219232,-0.012402295264139,0.167227969593073,0.0329578171224586,0.0997832043131364,0.185807770000979,0.122213431330067,0.471123909821159,0,0.0784995624603838,0.153677104817757,0.224100647644176,0.0506595269127392,-0.00634737281042511,-0.159443990395241
"1238","95250",-0.00172926944868485,0.0189637660746899,0.0344067419826299,-0.00736901807739401,-0.013463782795899,-0.0173576818426599,-0.00288521927222161,-0.00714977094996212,-0.0084717613648133,-0.0010011338837453,0.0112467911216026,0.00189866044881475,0.000322536885045633,0.0136902172714258,0.00288465822342034,-0.00392692019645145,-0.00026438495070927,-0.00181048907657571,-0.0131765471246721,-0.00623888878454932,-0.00603233055051212,-0.0107285362895527,-0.0166060148551827,-0.0145414930890301,0.00181825344193035,-0.0200008908855285,-0.022277031997862
"1239","95251",-0.0517512905481921,-0.0340940759655442,-0.0097311466909874,0.0982476472545025,-0.016839103133565,-0.052042594805957,0.0401090698998704,0.0251910390045431,-0.0490582096176708,-0.0446710906856959,-0.016899847479961,-0.026262401792332,-0.0320750397871277,-0.0143567166546295,-0.0224846056468004,-0.0181920309473994,-0.0264392039157653,-0.0264764042170427,0.0877992032807827,-0.0491184267588514,-0.0764387952476705,0.0169181456708083,0.0134754857713593,-0.0509236418627321,-0.00961600275155144,-0.0114607603495748,-0.0457694765001088
"1240","95252",0.129364805464602,0.381407680205376,0.138488779763429,0.0448539174675922,0.171692642767503,0.0190911349514667,-0.0296663232874713,-0.0840386783110937,0.029391580802651,0.162055245759491,-0.0300652387515655,-0.0910761401111369,0.0941104412258628,-0.0507039313223533,-0.00146309356025967,0.0210297233578255,-0.131761460160806,0.126410392649318,0.151619247616837,0.890544520217053,0,0.0486656494954447,0.304732494532797,-0.041886291843072,0.13896061659436,0.37584306482951,0.314938910860355
"1241","95254",0.0261657306939023,0.171294928751949,0.359393002269409,-0.0206850442874872,0.00373036948739597,0.0904338387734766,0.0114096933670106,0.0179876419002847,-0.0142654945331297,0.0348581425120771,0.117855145378196,0.193004450502076,-0.0143739589878321,0.0238565545681894,0.0486686471329209,-0.00410128897250724,-0.0280800110367344,-0.0199083163289463,-0.0467012124609675,-0.0163630349470565,0,-0.0499255168994637,-0.0480071925996162,-0.0272184553284453,-0.0243175605394085,0.0152954985657982,0.0113972483664489
"1242","95255",0.113424270944531,-0.0972184180885248,-0.154312438015064,0.0502380202136267,-0.0055308360997936,-0.0803057299619474,0.0431636746887968,0.0362802943438735,0.00529266419972675,-0.155597502347692,-0.183171223256287,-0.218107264131823,0.0238935587678876,-0.000238725233387083,0.0201628193772206,-0.0450757947936249,-0.0237312944310883,0.0145194363898641,-0.040223442404457,0.885087936187177,0,-0.0491627448516722,0.0566120024938098,-0.00722795184121228,-0.0923309464877037,-0.0392136737402626,0.0554386261980233
"1243","95257",-0.0438748864568499,-0.0315482365725977,-0.0123600875365178,-0.0219332027869159,-0.0603152453715884,-0.0645007462166087,-0.0291997711547511,-0.0512092445563885,-0.0571702789392825,-0.0398950109358674,-0.0445914924669522,-0.0792800959047097,-0.0347709172928013,-0.0264585189344789,-0.0385484347221879,-0.0264278874499853,-0.0419340071499157,-0.0465443017129999,-0.0456566815258903,-0.0404331819874472,0,0.0497591174395422,0.00900243707741073,0.134099980438485,0.00237420333328102,-0.01769452538394,0.00256164919450007
"1244","95258",0.237356295455159,0.163997715553479,0.42788169889961,0.0731449034997962,0.0477520749098349,0.190830645497805,0.100562068924098,0.12316236992603,0.0129075251088651,0.137831850426767,-0.0199169375022401,-0.25714190836165,0.160110242829092,0.0842668624904539,0.304840593127056,0.0327550171442767,-0.0269850935665662,0.0209118845215516,-0.103994473049738,0,0,-0.0414126991621306,0.00351032453753451,-0.457564396456662,-0.0380463107996977,-0.0705447958682728,-0.181002665036252
"1245","95301",0.0773928842009374,-0.556211825637227,-0.511735114635981,-0.0462300341490467,-0.192927300434542,0.105840387885223,-0.123074953065417,-0.255057325415086,-0.172939583078987,-0.358882878015577,-0.352660895930817,-0.490641955990484,-0.0561446634841971,-0.0115057660658105,-0.189390893512614,-0.0751746222132865,0.0262958203937236,-0.153065600294036,0.166024107726994,2.64165974073046,1.15017042899665,0.0781398115063696,0.318262780572295,1.13411614240429,0.0449218694207788,0.300316159477937,0.71908574963157
"1246","95303",-0.0349840273401443,-0.00405155416491728,0.00743705113469419,0.027740044977377,0.0664765732531237,0.0480985055227322,0.0137907566841298,0.0347932192899762,0.00637016772203738,-0.0267886385870907,-0.0139487104618091,-0.0237135516438748,-0.00506005203439245,0.0326709399337323,0.0473676599660568,0.010341465219216,0.0547710284935813,0.0115893497584595,0.141897286282807,0.453331755147998,0,0.0351916210872735,0.0857630883027811,-0.0527531156375662,0.0192722287466602,0.0433146346391285,-0.0488705282390897
"1247","95304",0.133557353687617,-0.00877594387395184,0.170628280102812,0.166080816860609,0.205963466812845,0.139435940014848,0.171474838963418,0.247596380823368,0.318480870078246,0.0547250961538769,-0.0740558390536265,0.192443944497365,0.323557792465935,0.422885566151068,0.592605608651893,0.200901628053924,0.328852767257959,0.438959586835808,0.0625685735547962,-0.441603485967264,-0.40711063099506,0.00422305261761975,-0.338126263854526,-0.0025826211893014,-0.0412697530135578,-0.171304292477353,0.00445800416807042
"1248","95305",-0.0301372878972157,0.00656496584689726,0.0291929246997927,0.0524526898823119,0.016237678939657,0.0756024622351967,0.0468853156138728,0.0347589967027119,0.00161802851320384,0.0414955103214864,-0.0266634802130857,-0.0162499082739506,0.026975102330549,0.0780292386228283,-0.0430382151774532,0.0179397880795185,0.0102171353351865,-0.0107314502982906,0.0108898732212653,-0.0727996523506359,0,-0.0261501250913362,-0.0648825127637894,-0.0900794545167077,0.0212225215997224,-0.000594199768337262,-0.00321593370750112
"1249","95306",0.00790827488761134,0.121843054492658,-0.0947021668877335,-0.0207446280867033,-0.0107641692525932,-0.069903693643782,0.0173550446588302,0.0270941058444545,0.0329692234628286,-0.00241770874295034,0.101897129440976,0.200254302878728,-0.0559109538601112,-0.0198534918276076,-0.00298599009443584,-0.00133017878311317,0.0495418984713571,0.0974150429722017,0.0702540813673403,-0.0783253905322182,0,-0.0223379964447089,0.045773608829321,-0.134788047799007,0.00944974115113173,0.0380267189575835,-0.0397537834903543
"1250","95307",0.702989688965726,-0.00175954138809335,0.442123600584311,0.380390324836094,0.502663953170415,-0.0292323084651907,0.213012085761013,0.248763200628147,0.199214682890762,0.394458573015979,0.779402172279822,-0.128203700440953,0.637719361959,0.428870923830545,0.694885930340921,0.430509591072259,0.110662278554047,0.175432065634921,0.048209272179508,-0.953378256290924,-2.18464269422537,0.0739131263558163,-0.281733398955302,0.103492065022938,0.177818209812756,-0.263488176693145,0.0773504643104469
"1251","95310",0.0088331272122245,0.105827726442594,0.0958274542488602,-0.0424608300216756,-0.0901940573007067,-0.118486650314977,0.0885496920161401,-0.0438290748712049,0.0124777370894944,-0.19978592490083,-0.128819868906821,-0.0409504478198639,-0.0495675619246846,-0.113792942747394,-0.134708972088721,-0.00788046136357043,-0.072661480538033,-0.0938465329249776,0.133817602827048,0.227885753749821,0.916050499614064,0.108763302723223,0.313640876322503,0.136965168942872,0.0610228657943431,0.122573938270979,0.215099888030757
"1252","95311",-0.0823161911008516,0.0235019628799977,-0.092342866238977,-0.0243380050104088,-0.0115337758083804,0.0459175570506343,-0.00857575594949156,0.00204442717987572,-0.0772670179824482,0.0402524622672878,0.0371211961411655,-0.0964520036617863,0.0410647039295919,0.0362810712597874,0.048932505209286,0.0600766190487202,0.0875388846726275,0.0835688812926657,-0.0398263312202995,-0.292222235923538,0,-0.0196252448530432,-0.116130471323325,-0.112214641772142,0.022003838823932,0.141677713123162,0.00224206385365097
"1253","95312",-0.00396209979819574,0.0149887030384806,0.0299540501003038,-0.00981432440106873,-0.0133323031140165,-0.0162676675984003,0.0105214316137451,0.0126147774656912,0.0223922009725911,-0.00655660117074986,0.00359892173291459,-0.00538254680702754,-0.00483984426265346,0.00689960684068369,-0.0052895119854073,0.00868236177820928,0.0246782550390172,0.0316364884011985,-0.0128823729015822,0.000260568480321255,0,-0.013023701526501,-0.0132509331573084,-0.0157532984316098,-0.00511344322474204,-0.0171145011852699,-0.0187370741031207
"1254","95313",-0.0320531335050172,-0.0684060742928116,-0.0324691131712917,0.0395369259570358,0.106957460173873,0.0169750977624333,0.00821561649874721,0.0175309960458588,0.0435200087012143,-0.0813173281316768,-0.0509016040211676,-0.0513989303100412,0.0288916106607627,-0.0367226116975955,-0.0894832384407081,0.0343414339310242,0.00753618644711916,0.0411094121460721,0.0242069458979386,0.242553344640238,0,0.00352926212447666,0.0127407844919454,-0.0622016853789946,0.00861312262422684,-0.0321711034293216,-0.0566581855430443
"1255","95315",0.162726302066381,0.0919615398066502,0.294596336021816,0.00153437046858022,-0.0148758319213152,0.0644913186359687,-0.0716172779204936,-0.111772132448318,-0.0398298134017612,-0.0595947419285408,-0.183089375600228,-0.00666541184384787,-0.0661118641949674,-0.131201170900788,-0.127676166240989,0.0636678282287856,0.0677342332505815,-0.0262009733204737,0.233147791867707,0.927787665607732,0,-0.00225582657254422,0.233783966976277,0.275607913299191,0.122252855795344,0.210091322181172,0.216905790467149
"1256","95316",0.0149769111566656,0.0175860203221017,0.382996815572906,-0.0977102251894017,-0.133988915110233,-0.0672753424227747,-0.0478924054460628,-0.0436196379974342,-0.07922439288752,0.0990602296005225,0.0217490604510285,0.274708108288811,-0.0600288133425747,-0.0939414823953375,-0.0416908201222297,0.0113912749220417,-0.0620672569390751,-0.010928957514402,0.131179389891897,0.529125874343624,0,0.15584710331319,0.241436895034625,0.472070064297676,0.0623773921758991,0.136219485364729,0.361457074965329
"1257","95317",-0.0261924030724697,-0.00673183144602088,0.00703017853760933,-0.00926886298723902,-0.033080067912603,-0.0300531680154428,-0.0248762446391094,-0.0375846087860069,-0.0339505012938793,-0.0280193253991895,-0.0115566841705148,-0.0234672689894504,-0.00731456055603443,-0.0150194621832989,-0.0250016694254157,-0.0100396112843644,-0.0259101825361977,-0.0277806969065054,-0.0233764241166093,0.00917090448878585,-0.00830186342849252,-0.0034292336733514,-0.0299109233309516,-0.0382201660634727,0.00245156366569799,0.00579511294006797,-0.0259427409086257
"1258","95318",-0.00157805598760302,0.014333119079627,0.0257557006672295,-0.00389795779667473,-0.00915852599010253,-0.0117770852540477,-0.000736356249358398,-0.00472302305626094,-0.00671725272364307,-0.00485893980589729,0.00571006857334976,-0.00416376161059582,-0.00199663410469789,0.00745387443775058,-0.00414521999853567,-0.00388948767186432,-0.00186866046193559,-0.00535233880773924,0.064036462809334,0.340103122879997,0.988620987899185,0.0221762949689054,0.0517916766705089,0.150160126179884,0.00414012275128377,0.0154029187056398,0.0378475245347494
"1259","95319",-0.0380526612411834,-0.041340500181256,-0.145285704004021,0.0187883268855518,0.0584723509850976,-0.0815527880562544,0.0123793367845664,-0.0106649308045398,-0.0470097920476079,-0.0913409426680789,0.0352904648174354,0.139294886198863,0.0254971211205599,-0.0278114655491,0.0688174298573636,0.0270483331890668,0.012314544329681,-0.0880003449387528,-0.0215672773005279,0.109650670027806,-0.244684513773768,-0.0032823396170274,0.0917805570902516,0.111995676383066,0.00799620207846438,0.00584338776644925,0.172642176748928
"1260","95320",0.165723872590079,0.386450127398142,0.720800638760617,-0.124354705916518,-0.0433750803757528,0.12935222006269,-0.0389676958145201,-0.0287605693089344,0.0944901938974913,0.131808948328619,0.243719321780864,0.197955420604975,-0.0693650835913062,0.184282873857121,0.226927776050626,-0.0592491595603293,-0.0234318438065049,0.142281110702894,-0.0385028203720669,-0.670989087503314,0,0.119127939443658,-0.00926640566490934,-0.0785628795985085,-0.0164009690957188,-0.0165788171392048,0.0614666585375961
"1261","95321",0.140150693274474,0.0509702305131753,0.322186084382939,0.202346673891191,0.188167249098028,0.16769481908819,0.0231389895275488,0.0420270847870435,-0.0701137155379686,0.130074010958164,0.138088045182114,0.141918250078312,0.0698334904841018,0.0715000635438637,0.0574407488097561,0.0320226531955944,0.047320906240322,-0.0782429873049904,0.05107202590445,0.214403189717154,0,-0.0234800130514382,-0.14643337995181,-0.200717577041009,0.0285982880828936,-0.00342205792395511,0.0208232702364377
"1262","95322",0.218562550464564,0.501449373490261,0.441509279675032,0.162729292931794,0.369780811474288,0.211561701035201,0.0955561813353003,0.161150801244404,0.0787153809163281,0.274879635891882,0.581827247537193,0.105658077375582,-0.000465419958856464,0.178144058206262,0.197874503019603,0.0931175412861183,0.29799410003264,0.157266655661553,-0.279078479019503,-0.185593200281481,0,-0.0838176789201545,0.106046927190386,-0.345942784978922,-0.0411747162317497,0.194396564472528,0.133003293964409
"1263","95323",0.191583106325358,-0.132907398513315,-0.135365119030975,0.0556121967580663,0.0966283552455169,0.253783383394749,0.0374766471124536,0.0693658138232886,0.0844798212191464,-0.113605337988386,-0.132272287592025,-0.173095442156875,0.0473253508273715,0.0868899115508613,0.160211509378813,0.0117617187981266,0.0231878518600901,0.071118946737046,0.0329347399876481,0.414597188060769,0,0.0213588841258978,0.0169293479571623,-0.107570987091152,0.035031253334409,0.0817469984711242,0.130054842879047
"1264","95324",-0.0125682501269375,-0.0101596741273839,0.0643789410898503,0.15055080489859,0.168405384233616,0.208684853087797,0.0549071321913174,0.0103520126110511,-0.00740913426992591,0.198045670596278,0.266434316041396,0.279139087243988,0.0617327619075749,0.284664439587244,0.519172245878082,0.0385983957828398,0.0779091602240749,0.299994878436788,-0.126786461704703,-0.415474016047786,0,-0.03179872285845,-0.128367831362343,-0.499463399057674,0.0273972603677808,-0.0225930530456622,0.110058997478905
"1265","95325",-0.0135938799874613,0.0116318024403981,0.0257137111564883,0.0219827863375082,-0.0214564404743579,-0.0212731601547176,0.0139567503175133,0.0169511985530267,-0.0210177438180296,-0.0128250276400931,0.000126835110591516,-0.0103827677700055,0.0262796769203074,-0.00642035852435478,-0.0156490628437501,0.00989887579833188,-0.0103580694441308,-0.0115503262676168,0.000798627959244952,0.0074498761413164,-0.0062588546451564,-0.0091424910395692,-0.0142863350935931,-0.0150099324348978,-0.014468637397315,-0.0136200679456398,-0.0141817799073145
"1266","95326",0.204509894154416,0.519716150239219,0.886117280022763,0.10313317625892,0.0742433823840083,0.180959815916361,0.0188234341567111,-0.0236162530600569,0.0555324005071593,-0.0419812059678161,0.356826704662863,0.350701769933059,-0.00802111585293767,0.0919014978895474,0.0552684779511212,0.013398230283382,0.0390005373929506,-0.0482008958407773,0.0965318515005105,-1.02451706395829,-0.950684664814662,0.04644947402197,-0.335791571745693,-0.201942932552698,-0.0392135299208569,-0.244577803520325,-0.0893538011849248
"1267","95327",-0.0898921512445945,-0.030221775201553,-0.221608799378033,0.062656782762052,-0.056497361257487,0.0541213549203465,0.0503622592353473,-0.0142366863768197,-0.0137785465716222,-0.0969279137339026,-0.181303791273473,0.0338253705423072,-0.06812498103741,-0.249547803740804,-0.0838395916920351,-0.118404502202968,-0.125508986308505,-0.0438933626622831,-0.110404101881009,-0.768957809220611,-0.963388541033179,0.127710055636333,0.274105825052726,0.576160801922776,0.145850401726463,0.173405960332889,0.506695705966411
"1268","95328",-0.0453993227688226,0.0589914600685204,0.091973364049457,-0.104250826695253,-0.0728209743999922,-0.0640686610864741,-0.00308659289364588,-0.054719627218506,-0.0366339585160155,0.123978676615691,0.12581074367958,0.0557296063725085,-0.0642004730803664,-0.00528065851555063,-0.0947514487882301,-0.0528310919711235,-0.0131602710454892,0.0358878380871776,-0.0946181314835705,-0.267616268424255,0,0.0289182549383858,-0.0983754969920234,-0.206085108812384,-0.00502562335346321,-0.0717693822033757,-0.171755938825993
"1269","95329",-0.166724367477772,-0.14209189564602,-0.136646091252552,-0.0380396283493033,-0.0679540258533129,-0.0965962079329198,-0.00992975613247649,-0.0074757534947629,-0.0371489372369275,0.0129074702280355,-0.0322633488919732,0.00564131668068857,0.035088699553916,-0.0272066881717118,0.0106971821899928,0.0239018971102148,-0.0182334221405318,-0.0521115297512501,0.061681562687746,-0.120262736301446,-0.0946670364851578,0.0407521774905006,0.0468110125297108,-0.151106763299034,-0.0121314841669978,-0.0376810104087735,-0.0265640143160815
"1270","95330",0.260741272811981,0.470665424612792,0.703687482655757,-0.0567093192374351,0.0677596016698895,0.311750889759699,-0.128080885424439,-0.077465673615408,-0.0260835603692388,-0.0892873995616667,-0.0861186935438535,-0.434378987736509,0.0398510713620649,0.210586252248131,0.178113919954199,0.00757748776280916,0.121757322482698,0.0495601214669652,-0.341389550560984,0.764334653152748,-0.0644340006103589,-0.0558542680157773,0.0493789209401586,-0.0179553417948776,-0.138753669368232,-0.150235708498723,-0.231738409141418
"1271","95333",-0.042611808392154,0.0339964730351878,0.135470625244835,0.0357404926721624,0.116203575289659,0.106805340501718,0.023464325962854,0.011835809158304,0.0192934427566341,-0.0106725289394182,0.0318396684536986,0.1625039820894,0.0434834913740735,-0.0374368039668831,-0.0594411016321252,0.07139868079449,0.04263866995031,-0.0287632673290461,0.225109836392496,0.0961203663596731,-0.133743184968389,0.0686696376405262,-0.0742751479840159,0.0344711943791377,0.00597767720985215,-0.076312752494302,-0.0029410497123143
"1272","95334",0.118180038130015,0.0373025475486829,-0.247836161372647,0.00252986470004101,0.0309404693436968,-0.0569666184381782,0.151191803682322,0.121373923755543,0.0878988630281402,0.0693066569308005,-0.0866718372427041,0.079382955761412,0.107313641857618,0.179912539308402,0.24167418905847,-0.0419237244708202,0.09053677909095,-0.022248562107357,-0.216161102613802,-0.0313804666006012,0,0.0391617309892056,-0.164120550909318,-0.243588447394638,0.0900699924661596,-0.0667084294999133,-0.268277183445616
"1273","95335",-0.0112961338663782,0.0131026833460168,0.0324291187477448,-0.0119642254781078,-0.0140024111001302,-0.0154809458863304,0.00268340478104293,-0.0146073482619161,-0.0150381448753355,-0.0254440603329521,-0.0176053394600029,-0.0036435171468913,0.0133982832313575,0.0489005951476078,0.0844880440196816,-0.00531028395175956,0.00476170067696325,0.0114416688043185,-0.0267079267874803,-0.0572964233375561,0,-0.0479442408962736,-0.0780512234404488,-0.0994085314500967,-0.031194681098964,-0.0200384011299517,-0.0478502057335597
"1274","95336",0.40391632624375,-0.393672094066645,-0.791796343484926,0.133897150091361,-0.210545356027552,-0.505533950068351,-0.0181553665104007,0.320054164068006,0.350882632187671,0.35061089783514,-0.439259772887243,-0.770904772128224,0.485783214320685,0.373595438894371,0.506636752722632,0.242559680258785,0.423012031518751,0.377203918456085,0.1271154581537,0.179424246187208,0,-0.19093380491594,-0.0403399522599205,-0.287376872191747,-0.141745566268852,0.0108173319799109,0.123467687942519
"1275","95337",-0.312858461810454,-0.822916342773398,-0.801117561768795,-0.354426081288617,-0.653226417947364,-0.561404980561682,-0.25513422399965,-0.25535714652467,-0.169091850560645,-0.614123111042359,-0.700259815354156,-0.51965620376645,-0.291071447831688,-0.300379581334413,-0.111688937179889,-0.205162097519297,-0.187293072184457,-0.228551887783201,0.007684981163745,-0.119591740630663,0,0.21170750129388,0.554892080737293,-0.194889948307066,0.196430274506111,0.0920669095329669,-0.317295685392155
"1276","95338",-0.249511180140568,-0.214349128972432,2.2143584386745,-0.022668274645271,-0.155797135513932,-0.0738276698415505,-0.0491390832742002,-0.0334180197425025,0.0519706890855955,0.131988013364497,-0.0019641595804278,-0.166632913029418,-0.0459048826753894,-0.0643454765882013,0.0465512927820615,0.121794588747834,-0.0717150351497979,0.114117256139955,-0.0795440716185792,0.124403249546525,0.182663934674727,-0.119691256949284,0.109185020187867,0.243882873832524,-0.18449822497544,-0.129474481130537,-0.269098208522433
"1277","95340",-0.0571482691967429,-0.245721115807152,1.02527191744523,-0.0701174228379676,-0.202266596156568,0.250877451055293,-0.163899928278813,-0.211184341413436,-0.257947884306565,0.123234364259985,0.497631646839091,1.1654400799232,0.00743356077934707,0.079971840032725,0.0757755761472806,-0.0864931791733198,0.12612295302918,-0.103491683863698,0.618011319681258,1.92258892019914,4.22402192143994,-0.0709888599567299,-0.385562087693929,1.10709229763947,-0.237884570314664,-0.287397298868637,0.68887597666178
"1278","95341",-0.161254066283005,-0.140891009678771,-0.155831029920187,0.0286582620458502,-0.121063297848512,0.106184732871728,0.0526734930543755,0.00745998307351653,-0.107051699241503,-0.088729302762435,-0.00756502850164319,-0.130787086868848,-0.0963966544710702,-0.135307979960523,-0.0303852436075385,-0.0848053561968125,-0.107208982507616,-0.181532735177139,0.10957032939707,0.399721623459077,-0.209553982376797,0.0897301697326775,0.305629922856067,-0.236523315761845,-0.030303352061718,0.0167107755176651,-0.136014176050512
"1279","95345",-0.00900794983525956,0.0969223347438632,-0.173681496328122,-0.0213281189008457,-0.0294463459875468,-0.0855624465381671,0.0365209327622169,0.0243552008986049,0.0304398798225302,0.137356519600713,0.0420898374379371,0.131889213273298,0.0124011151535338,0.101389313051667,0.0788932796003818,-0.00427665319108453,0.049346189934485,0.1053057441865,-0.0316516444652971,-0.00442229092850111,-0.0221575316193308,-0.0127125865534754,-0.0433729772529662,-0.036521927625521,-0.0170080992019543,-0.0172992941400441,0.0102660070302481
"1280","95346",-0.0595820936751349,-0.0324698600518141,-0.0109330689099888,-0.00414773725092377,-0.022834189245609,0.0250316171110262,-0.0169598465229011,-0.0229575261758918,-0.00110204606426112,-0.0206563271303214,0.0679140020594827,-0.0671788010658805,0.0596398695831813,0.0707127838321847,0.063542367247885,0.0367373715316945,0.016641985835007,0.0226463516941838,-0.0887668898604564,-0.0492245057178629,0,-0.0520310042265409,-0.0164255144977833,-0.143036814268513,-0.0615432785499485,-0.0610443292248087,-0.0908367343530509
"1281","95348",0.473214571754516,0.832564686820764,0.597868460795502,0.082942138804642,0.133627025976998,0.456971714418049,-0.0243819156366578,0.0785920460020957,0.2185793443305,0.0793282234162396,-0.516363127854247,-0.321118240897451,-0.0210645511747561,0.174018601778137,0.0837357713706667,0.0848806567427487,0.10224755604763,0.180814039175858,-0.237410357858967,-0.42368889785027,-1.14475905764157,0.0312021321330156,0.0079294463884658,0.224447712655697,0.175601310177563,0.216997933876455,0.720686464814791
"1282","95350",0.66763571496478,0.851317275311208,2.57829090514527,-0.138804360473767,0.695698111805567,1.13425506814972,-0.254397768877148,0.0786913959888984,0.0333241940861313,0.548811810621742,0.842140560055585,1.01293333278659,0.396776022911525,0.671260738441133,0.493030332013677,0.098355446808975,0.26589224170411,0.330260918506651,-0.126564496851829,-0.149732505305564,0,-0.549149703211747,-0.721497407006269,-1.50831889196999,-0.210460370315702,0.0494908825434932,-0.860673562090381
"1283","95351",-0.135265584516769,0.220723880854733,0.539229394646664,-0.309268642331658,0.153141856774206,0.438751479897151,-0.0241158378397856,-0.192426750227588,-0.133361592783673,-0.109237233146799,0.246421531883885,0.394840682814665,0.117559787467621,0.118200908223092,0.0904232575542264,-0.0552883376472723,-0.0918079573576814,-0.412143818577321,0.0921977968404608,-0.060887269066063,-0.211676474595372,0.0097556616072038,0.519739355958627,0.444362858906478,-0.128814416193304,-0.0104450540904821,-0.19511502326723
"1284","95354",-0.0991614608392958,-0.387572025655011,0.548721716011301,-0.158280959627268,-0.158429653385123,-0.133913433778358,-0.138829323870693,-0.117415271174375,-0.0857396384793651,-0.44147759245703,0.0187597232435891,0.0131357598270205,0.195348838223167,0.0918343870506923,-0.112593295637661,0.272312010683881,0.117268164071854,0.086308960632964,-0.61287306117777,-0.989962814821899,-1.6307008633084,0.0380025161408386,0.455634132187046,0.266176928489046,0.151098975062359,0.450285819238825,0.426350528744116
"1285","95355",0.0928027876563853,-0.193459060716704,0.0260692128019723,-0.0769503850478424,0.248415655791571,-0.042395248424532,0.224413993119252,-0.0227691652097968,-0.227789973028107,0.321947299079561,1.06407492421722,0.211996459573215,0.532877584532172,0.472455002228559,0.578448724528506,0.342975257458698,0.448935828656167,0.0104465958271258,0.433455375661862,-0.903977124896032,-2.23161077023486,-0.166648324457897,0.172441591465521,0.844980890023345,0.20275724289413,0.166553140087949,0.126462330735531
"1286","95356",0.226467265390884,0.614038807416092,0.00306161171332213,-0.10562515515289,0.0822491278133229,0.0506716293212391,-0.204128981936734,-0.131396468995404,-0.188611869740831,-0.3037252552695,0.010173199785935,-0.358480038480589,-0.187721968041393,0.0810066544625619,-0.369472854025247,-0.221555467563268,-0.216766953885487,-0.317721757723633,0.0360266763079058,-1.50577287147179,0,-0.0371981525022878,-0.115400471157756,-0.218546246239889,-0.155320211277577,-0.197724469137242,-0.103455386780166
"1287","95357",0.0157809741834329,-0.0456639462019554,-0.504386093007774,-0.0304812699805574,0.0700002763081096,-0.0716557361205502,0.0177687533277485,-0.0183838537746591,-0.106142512893256,0.296720731622514,0.070859007676366,-0.460727733760774,0.0533026066595794,-0.00569031490504996,-0.0380830741264184,0.0719981811381549,0.0177562831297825,0.0836895914803588,0.211724725238299,0.371119497488589,2.40356993857469,-0.00342342521394186,-0.216994043380836,-0.0438383370948659,0.0466123382923482,-0.14728089861581,-0.230210898179688
"1288","95358",0.461483992731112,-0.00766620948512099,0.364528414090944,0.106108647716083,0.494417447472013,0.547045249812174,0.035311779062342,0.309241996791321,0.146913440694676,0.615359360074499,0.439624959069701,0.0561752215917978,0.115528431249314,0.184889300757383,0.259463507908606,0.08801379800751,0.229774248165698,0.14060860375174,-0.384153778994616,-0.0559803018702908,0.396127753725554,-0.192196851185823,0.0910085840633248,0.361529280588732,0.123657109509363,0.0176565734251807,0.440526615881006
"1289","95360",0.142800636223414,0.26754685268283,0.857217066534342,-0.0520027212754988,0.0292869876008357,0.335216694534878,-0.117608146293087,-0.0572916467446021,0.0747028763405554,-0.129574982159221,0.257085400597541,0.211554008034024,-0.067559695555141,0.0302773664846708,0.155537744408346,-0.0750362237118178,-0.0401943871859483,0.0168664785918944,-0.00854455969993647,-0.625694351196691,0,0.131803727484361,-0.247637372031226,-0.645051096943586,0.116768051993312,-0.023315840294916,-0.18478942234478
"1290","95361",-0.288413444615069,-0.3789470771136,-0.391979045118432,-0.169845124348003,-0.290392826552318,0.0719637201859453,0.0534182422983373,-0.0600918356290547,0.163940426609882,0.103442143896813,-0.170035937670822,-0.282951530937844,-0.069371386676068,-0.194856496883582,-0.105029934464887,0.0821031572296635,0.0245571483159867,0.0484210606973292,-0.239042389394049,0.744511054667914,0,0.0101891415364663,0.0874072331559653,-0.376560470343481,0.145331081372759,-0.0118513665003077,-0.0879234586290753
"1291","95363",0.292564924938872,0.587118605743188,0.955319609328421,0.22956103410777,0.209328478146247,0.589695208700109,0.142074737655024,0.108621461801767,-0.0592916644299462,0.703771912409423,1.15245991044651,0.828979199297715,0.194485885607899,0.367796482230942,0.0677305917326761,0.0650431873532974,0.170560963968692,0.0806957054676451,0.0134504271499281,-0.0344441588458038,-0.140206534618438,0.0709306854325853,2.51614152536513e-05,0.00501228344044502,0.0385972736007877,-0.0893130948478357,-0.0635309105767709
"1292","95364",-0.00925252618975602,0.0093755220463351,0.0220453457403319,-0.0146452791189876,-0.0177929990377082,-0.0187267704509561,-0.00111091317153009,-0.0201992869415953,-0.0243853304825503,-0.0197806793667808,-0.0127308238941679,-0.033669866113351,0.00931119077162215,-0.0179137571196832,-0.0231292112531043,-0.00571863544097818,0.0031159879889735,0.00931248166836192,-0.00454219622472018,0.000193150745265298,0,0.0155581042038497,-0.0173273894139677,-0.0199478982317666,-0.00550022059077232,-0.0237542642152116,-0.0228834468242224
"1293","95365",0.0641365603438404,0.169665191203091,0.078495381335633,-0.0180758252883348,0.0325834406539708,0.027625113721725,0.0488559514067368,0.0442998336362655,0.0320861473083154,-0.146723539057052,-0.184006966856033,-0.20597533574204,-0.0965030528443835,-0.0994843220534092,-0.0473190361152117,-0.00608537028473686,-0.0455782281062519,0.0406925979814443,0.023781963315361,0.0512947975703137,-0.386302307127628,-0.00864322261096069,0.237946082588317,0.527338538577142,0.0658683799434633,0.123702333261045,0.128481916783285
"1294","95366",-0.178375067721499,-0.475125043234135,-0.409764811939757,-0.0225199283515999,-0.388453981982477,-0.483228654329072,-0.10011923898163,-0.182610297815819,-0.42517031052587,-0.107962954184285,-0.290896806217297,-0.29507648457388,-0.198278200600465,-0.486918350850538,-0.556498816941077,0.0144700646108978,-0.125875228729693,-0.288093797688507,0.0119415200747768,-0.711305031611209,0,-0.215629604751706,-0.102801240768342,0.190823259030385,-0.184639574868458,-0.0835706792131364,-0.0208671200698329
"1295","95367",0.0594657981343851,0.204443454444356,0.227747390015136,-0.150772402644556,0.140159396680655,0.190550906132254,-0.143538370352128,-0.0610509930601998,-0.0498965621769121,0.209258102969457,0.558343094480739,0.244262275682208,0.223576547474655,0.108299552930767,0.232901163774204,0.0166272884619227,0.117531888137435,0.059229470168245,-0.00408277272034023,0.475331037339489,0.0628670388342309,0.157108488534805,0.212540180074418,0.458275157560202,0.120929372837067,0.190372625669749,0.022489280151687
"1296","95368",0.0246848695420555,-0.00144414853730734,-0.521260272670227,0.0833278626913089,0.00652442977746127,0.0205774087695427,0.144568300740642,0.0803918315323532,0.118096314479604,-0.144481011929574,0.0236629373833699,-0.277234807536159,-0.0491914017606604,-0.154873316274148,-0.161915629489749,0.0300622856611911,-0.0533906558252409,-0.190388730258859,0.23791018213976,-0.00103211525567786,0,0.264365439501754,0.0814072021728941,-0.0160519547417951,0.033587011182428,-0.117810683164872,-0.0224265604566759
"1297","95369",-0.0684520081600998,-0.0630829705767105,-0.0553909949762403,-0.0432492716301901,-0.0849035143919841,-0.0999494700129231,-0.0523287651137741,-0.0460284698235342,-0.0855693736437514,-0.0699359445058684,-0.0673691373234966,-0.091248503561597,-0.0262346695998272,-0.0639987505786297,-0.0803442929697145,-0.044368609036834,-0.067881015618138,-0.0757768859993371,0.0171979252068344,-0.0719449231290796,0,-0.00964589818900543,-0.0739431192638821,-0.0826888866226982,0.0406094282325204,0.017528332834297,0.0416567493564216
"1298","95370",-0.374321683589775,0.425281218872343,-0.32126210873257,0.175606717484094,0.0652242182379283,0.163629861194596,0.0146965673834936,-0.0229051345816624,0.0708486446466403,-0.0583964648512276,0.597657729503955,1.01539816580959,0.27434499589388,0.402805062080465,0.808557015494253,0.0365804858033582,0.100587683758056,0.311060992816864,-0.258385430427206,0.167245689211146,-0.893018881980409,0.0976035452660563,0.00722995279977426,-0.086007842509102,-0.142522291648357,-0.240778351462665,-0.360152036325194
"1299","95372",0.0740330745801228,0.0608364980316354,0.225862560365742,0.00705117941509937,-0.0391169330416147,0.0581760792045719,0.0295038604683438,0.0642417065467468,0.0155975142880596,0.0782936145107744,-0.0264735882692535,0.00581500090072793,0.0892441890817831,0.0684983863249309,0.0380330922690032,-0.00435515188011532,0.0337444104750016,-0.000714504541054174,0.0418740983699313,-0.161968661420758,-0.275645708304883,0.0794892372175641,-0.064439818653943,0.0448008570109632,0.0288542675256863,0.0115302635234844,-0.039605991754087
"1300","95374",-0.0282694520165976,0.0538838814404242,-0.0870346036246995,-0.0336913830940375,-0.07944795604666,-0.135119416414295,0.0079297688344628,-0.0737337701641352,-0.072770065830296,-0.105751060485456,-0.107368550750781,-0.132459984946249,-0.0408766502015783,0.0351633475342185,0.0065331923875764,-0.00110395466263689,0.00834103133330123,0.01303855429253,-0.112773109110277,-0.106949572718208,0,-0.0569152735235785,-0.0960107325971176,-0.10188470244647,-0.0651360528164929,-0.0405849601081253,-0.116741380316959
"1301","95375",-0.00194206002395628,0.0169343392148901,0.0326094637993396,-0.00532937191288255,-0.0102686783187376,-0.0127441145891145,-0.00395575168134562,-0.0101636027696443,-0.013400885011503,-0.013850436283451,-0.0089978351058768,-0.0289814081038935,0.0260919316771424,-0.0010466910440984,-0.0100101869141908,0.0104066902943289,0.022173566249906,0.0287558758835361,0.0030657279738896,0.00967988708930847,0,-0.00195681532241062,-0.0085885272663146,-0.0123910453420307,-0.00756313128731514,-0.0082379168474585,-0.00978078685115244
"1302","95376",-0.22047753729622,-0.509559007744832,-0.561390985847471,-0.308209588259441,0.170122911345844,-0.118324927735948,-0.0893509332935017,-0.155582425740758,0.00486670536323629,-1.06035937574227,-0.790912875955706,-0.599554333747039,-0.502782174818931,-0.18948589708229,0.278508253070963,-0.163792000273954,0.0274600671665336,-0.0916370410634708,-0.47702735841685,0.417369059687844,-0.38719479435662,-0.0913154085877172,0.274739952694992,0.725999229295741,0.139287692788384,0.392740556055292,0.775033386141407
"1303","95377",-0.229225060144479,-0.351849744328072,-0.285417377596595,-0.263924222881683,-0.204598962276844,-0.0664699542541002,-0.217200323121809,-0.145619240067371,-0.0142026881253374,-0.219707729170935,-0.372769724599924,-0.143173552225606,-0.0584689772537725,-0.0855541149189925,0.184359849886489,-0.175206068762271,-0.146994298941923,-0.0701082046457873,-0.245608391317127,-0.447826819054437,0,-0.164107846775685,-0.0649916329446796,-0.0675311179092512,-0.064577286646788,-0.230807635826795,-0.354293598297666
"1304","95379",0.443744742046286,0.21748211694796,0.524487835502182,0.166688944164224,0.259292771621715,0.288619588495746,0.0672142641846186,0.0979636203588569,0.121484529592242,0.127197035998714,-0.00631907777534429,-0.0670662459689971,0.209841329944512,0.110276923591978,-0.0290094806211156,0.0874246922908366,0.192546844093264,0.162534799895192,-0.0533393247147966,0.371599461925684,0,-0.0516361110124885,-0.0747557873061595,-0.0341431499436535,-0.0592099289746303,-0.135207260945144,-0.0902616761658038
"1305","95380",0.146652677982942,-0.614604804380698,-0.851930755979512,-0.0173388882598184,-0.309394005037416,-0.423771919193559,-0.138831985191889,-0.343029874066954,-0.516571737189369,-0.510326937003625,-0.413100402131083,-0.535576647541022,-0.312620561565774,-0.341528338936026,-0.482306713486078,-0.180584055631689,-0.237533446720668,-0.331700942426378,0.124805992180306,0.167185124245623,0,0.128489451702013,-0.33047300947633,0.60109139664222,0.132522525458214,-0.587425893498116,-0.244574425399053
"1306","95382",0.0381868494490395,-0.346137557233277,-0.35787799659274,0.252053643173445,0.0881951147011386,-0.23811192880808,-0.0279858468212854,-0.0239765729714899,-0.241366952039953,-0.104450663814785,-0.452727724367759,-0.922320570928189,0.253571400264925,0.0900870909921751,-0.0985269305324845,-0.042770577184838,0.0712763540958012,-0.277069368193999,-0.210820265285137,-0.984064747774549,0,-0.14391709370087,-0.0232232118914753,0.403289274453438,-0.122826216238057,-0.0039104421668986,0.26226404858405
"1307","95383",-0.0522472671776866,-0.122178456214633,-0.115205876731874,-0.0174390809124362,-0.0459826084159013,-0.205258703560134,-0.061968379087503,-0.016913940828215,-0.0301729886422302,-0.210887931634052,-0.162831087798926,-0.163281140616235,-0.0940100183533213,-0.156638062432438,-0.132865332651927,-0.0812078147482105,-0.0859774460134801,-0.0424433851134768,0.20788343774648,0.0603586196930695,0,0.0875611315710549,0.190593381897907,0.125859599422528,0.0622551400924008,0.032096027982666,-0.0538665538952426
"1308","95385",-0.00769490642032371,0.0083120387063843,0.0230316277279248,0.0164270695811797,-0.0207100901114254,-0.01921601064669,0.00605183521997812,-0.0171026360573201,-0.0177631481261448,-0.00940751648920253,0.00192414510171607,-0.0063794058982424,0.0185410401537913,0.00377522752155178,-0.00613899358022882,0.00148429794985732,0.0179573350188295,0.0334495524968191,-0.00842979035047748,0.0108653096301093,-0.00495041490152669,-0.0117479050476311,-0.0120116025472765,-0.0128497442802621,-0.000838266205892069,0.0225988503637427,-0.0111433090361219
"1309","95386",-0.0723674953687661,-0.130770179620079,-0.152346307397112,-0.159739007124542,-0.174635185629127,-0.249378377564823,-0.038165890199155,-0.105884903864107,-0.105975832596713,0.277023288255945,0.431760715352988,0.058012617109294,0.0151898666892865,0.230627433033463,0.265778916275397,-0.0246949868744428,0.022071723792666,0.0324733790433802,-0.0242362774453726,0.0745110805907686,0.32976209841895,0.199970024210384,0.245640040761807,0.710207387832541,0.129696657439405,0.145217516177527,0.145354577873349
"1310","95387",-0.0360648884018715,-0.00913087023734869,0.0107624841654,0.0228078129469441,-0.0444102565223242,-0.0353779300583735,-0.0118129765799014,-0.0241636203669956,-0.0466251442683484,-0.0312045758644422,-0.0204255850897783,-0.0281271196768772,-0.0281232921721005,-0.0112370111814147,-0.0213934649628011,-0.0113485890714072,0.0210486545263395,-0.023617755718552,-0.0459776487177873,-0.0257135014625727,0,-0.021102168935366,0.0181689100513536,-0.055404006798383,-0.0353615662772324,-0.032279046885257,-0.0609808640983195
"1311","95388",-0.292330019666426,-0.249259992969837,-0.320925465390587,-0.201016343877019,-0.234841587206157,-0.360651335247384,-0.0641175319392243,-0.148578225542181,-0.207481770566863,-0.199577197012073,-0.186783387748916,-0.345250016176066,-0.124298708087784,-0.051097075091267,0.00836198118314184,-0.0261186125629432,-0.0498237068412361,-0.0868532629791287,0.0896954804583527,0.525502233837315,0,-0.055324626218241,0.0310649145743269,0.283236613968886,-0.0617880320782091,-0.182576872580698,-0.086307295053033
"1312","95389",0.034270072216681,-0.0254628367774224,0,0.00141761970563046,-0.0334444797091238,-0.0302882593181219,0.00490102079907883,0.0192698606844898,0.0416484972409197,-0.0388663193903494,-0.0344787633779349,-0.0340369717271548,0.0365836517582982,-0.0183387551744556,-0.0237196490287234,0.00569327287912991,0.00517227349493811,0.0239084068887977,-0.0419801616149543,-0.148218825376266,-0.172651297491814,0.0370687712945021,0.0347762703363541,0.112468689247217,0.00394007702692782,0.0481063655633425,0.0326354106124509
"1313","95391",-0.0177715723408995,0.0495437591373396,-0.0498744938212593,-0.000570097987010026,0.113594103619339,-0.00318633718860322,-0.000228615076043025,-0.00682346632776635,-0.0601737033142229,-0.00242344126086709,0.242462790895924,-0.0599580877964085,-0.0298901862620515,0.0133011833501934,-0.0241620950908081,0.00478380242962433,0.0855847970937134,0.126353073555722,-0.0305821940501857,-0.170733394213552,0,-0.0942752335122861,-0.194573467271289,-0.328742661976181,-0.0274710556952749,-0.0518838907945971,-0.0640497482572619
"1314","95401",-0.373069615435345,-0.379777438174342,-0.520653445094796,-0.320804892376528,-0.337235798470802,-0.412264870212227,-0.147658160790138,-0.27746474349033,-0.37189787484284,-0.207297585297518,0.161137121008248,-0.674771348531962,-0.236266747329475,-0.019970662112367,-0.920838387039672,-0.228976367734288,0.0727838663845531,-0.51900808439321,0.0921632398285547,1.15080406251958,0,0.0580494754002827,0.494304492300531,-0.114265292138238,-0.033780726210444,0.418073460084071,0.279731164984993
"1315","95403",-0.573480988495293,-0.698680458917821,-0.210739424524126,-0.0737179438371853,-0.340019580775898,-0.0793818287807546,-0.0219537188516217,-0.14687838151067,-0.267065037213149,-0.0953972566171725,0.0492586691281762,-0.857375054891283,0.0522385813774507,-0.302306229100295,-0.719220639011628,0.0350608474941969,-0.0299076371277745,0.0378561408560916,-0.219452734681237,1.2845080825745,0,0.0106850719751812,0.191419317550175,-0.111259505710416,-0.18561460040382,-0.121372393505181,-0.0101961181887671
"1316","95404",-0.155600329794257,-0.0574143197077325,0.873096444691463,0.199865824664066,-0.0596617717963649,0.183779044107626,0.203136276430791,0.220319770325287,0.45983052923129,0.645427931621362,1.33128234795658,1.56119764429859,0.0706278691456298,1.15233060849875,1.52348101558304,0.158944664792597,0.652812098421611,1.05543219210148,0.177981283796236,0.986050220231565,0,0.212299886685263,-0.142846090710237,-0.797631123580202,0.109732874886269,0.131138424581261,-0.0674541414649805
"1317","95405",-0.133989080464965,-0.499173903126998,-1.22332475361569,-0.0459296014496638,0.0604460114880343,0.0388563318608024,-0.0327866991934337,0.0568128018080314,0.238870128685668,0.0780775894204991,0.0540942843249977,-0.836083066998464,-0.0803744147459925,-0.344740764982289,-0.463145280305537,0.0159319428804624,-0.278369206479983,-0.55645764237088,0.421167918229815,-0.0595031923184478,0,-0.07870681683082,0.0904611256230907,0.245685302048511,-0.0708897007865049,0.00778915319096693,0.273795597227166
"1318","95407",-0.0686888759197006,-0.183938551951557,0.55130962781546,-0.00272068615280048,-0.399433231369758,0.126936216849516,-0.143634783132618,-0.270819235339907,-0.21688848642957,0.0712970900523887,-0.230597691758383,1.2562412315238,0.0277766384321123,-0.304771124510477,0.47284389592896,-0.0996566922812285,-0.146207288272597,-0.0308379647375088,-0.2029794933098,-0.2185800161143,0,-0.300452286389173,0.122432989206652,-0.0299281223835312,-0.0739757089517984,-0.0227987485890906,0.135023417634
"1319","95409",-0.298160735419676,0.0626644892376865,-0.180933426133188,-0.0727850312304631,0.115289557155092,0.430880428725952,0.0810897041529328,0.245758507383204,0.386573033245516,-0.191071786549175,-0.595099247318132,0.105705866454923,-0.0375402653974225,-0.192137679123338,-0.0798150386893133,-0.125376244378322,0.11019360894397,0.0734522046493003,0.459176717459054,0.0963915048020925,0,0.272220333929708,-0.174586819318493,0.17377874472475,-0.00630522999383259,-0.208160964460203,0.185391064356353
"1320","95410",0.00326868499511368,-0.0269688005382255,0,-0.0284416425060542,-0.0496313929025668,-0.0614616672822833,-0.0154331983299225,0.00184375965225961,0.0448558618614072,0.0142792061625405,0.157515646573306,0.243800951932668,0.033142480100414,0.11351406965703,0.118472020466729,0.00288651085740703,0.0364864962723622,0.039863274655421,0.0566575738922755,0.127874420280468,0,0.0178793398409252,0.143230479429467,0,0.0133235100571255,0.0332511571153777,0.0557335626284155
"1321","95412",-0.0260065030082705,-0.0289780293178001,0,-0.0214138627749144,-0.0308339810509952,-0.0223846170019659,-0.0122293524026235,-0.0192284804292286,-0.0183894940337741,0.0399790766158301,0.327636798167562,0.989123283637354,0.0156572322668292,0.0866196115312482,0.322668370713534,-9.26993735330336e-05,0.0341893306506139,0.108004758778863,-0.0238068664163858,0.0110878150712187,0,-0.0180098562361718,-0.0141975818152797,-0.0129681777823497,-0.0244527034769646,-0.0218114733700764,-0.0146046492525843
"1322","95415",-0.0798635549998975,-0.0650273498349417,-0.0406334625231104,-0.0653278347214945,-0.0656519006505425,-0.0604323112938631,0.00328372469709029,0.0168887340504083,-0.0141420303574219,-0.0346357607853571,-0.0211141605078085,-0.0327970059686385,-0.0249756244902341,-0.0279418051272975,-0.031315440713836,-0.0211290459063886,-0.0166529012173677,-0.0468250233999884,0.0930259674399231,0.502899563190963,0.978518331864946,0.00980034461778042,0.140742554915115,0.975081707148154,-0.0103685793699071,0.038194706637577,0.107336763023724
"1323","95417",-0.00333600304066106,0.00757058932604182,0,-0.00809445180294008,-0.00922308165768433,-0.00779764236100339,-0.00271466033270652,-0.00393501636382535,-0.00431067933080577,-0.00624374770604456,0.00937828154110824,0,-0.00327736583751718,0.00747577801484885,0.00126743696275318,-0.00508228205967185,-0.000411848231678246,-0.000840413085770542,0.00108741241201348,0.00767023226817615,0,-0.00445789822927001,-0.00895384338426977,-0.0120709505674852,-0.0109033922448507,-0.00824760198855905,-0.00944161354072568
"1324","95420",-0.00143834929480894,0.0212862472093066,0,-0.00345606957488651,-0.00865802716781633,-0.0128694116381651,-0.00279401869496564,-0.0103159066221079,-0.0151031362655335,-0.00452451408449252,-0.00829004646936156,0,0.0180424185933278,0.00455227382231619,0,0.0227799679857622,0.0435328547864681,-0.0182167626161408,-0.00241676453670509,0.00967769586095902,0,-0.00785142506741547,-0.0134440369110278,0,-0.0151324526599279,-0.020865016984372,-0.0405076761031422
"1325","95421",-0.0612444743455336,-0.0723583331942343,0,-0.030505429982613,0.0216754558294727,-0.0176659971434048,-0.0257464971850645,0.0117107242024678,-0.0596180216120547,-0.0383162794677687,-0.0353917510321695,0,-0.0146659944693856,-0.0161713392515536,-0.00940972009411432,-0.0297853592684489,-0.0276978486979716,-0.0156247214553378,-0.0309679611480242,-0.0120675079594055,0,0.0669814471947941,0.0721994826603571,-0.0183236076917091,0.0110800309321438,0.0042444194968572,-0.0245713546341787
"1326","95422",0.383790796263606,-0.123819744434993,0.121981036523834,0.176894428641067,-0.280654365452882,-0.319386304916253,-0.0710891650731459,-0.108183961534143,-0.118576322935148,0.0196252691080067,-0.221201046109101,-0.360293826554045,0.220781514677752,0.152294868550512,-0.0770479950489273,0.0268167229398615,-0.0586193039583995,-0.13746270866183,0.309727557313368,1.1075304176737,0,0.219220420874937,0.314625612931279,0.943605150377951,0.0524658430329662,0.172834430224452,0.219977898507667
"1327","95423",-0.122443935376772,0.0332921846114981,0.00209068158155251,-0.120073691167742,-0.129623152027457,-0.040874637387378,0.0200313973748102,0.0717724475590917,-0.0376870551634242,-0.082808249887464,0.10544355587815,0.000695354064345847,0.0401590168411549,0.00911659943977731,-0.00600796181063509,-0.0644978659757281,0.0629731368055457,-0.00241251896503779,-0.146287256788533,0.0533527656470461,0,0.292839822107945,0.21360319611793,0.282836464940638,0.206638889554537,0.0361159460268308,0.0885856017708249
"1328","95425",-0.304732760287473,-0.508347035937289,-0.460769612196299,-0.170418576283889,-0.195224709698366,-0.0646350262397616,-0.0925018154059633,-0.166391594489748,-0.0632347350192622,-0.176108858564259,-0.0349267442520571,0,-0.181123612889602,-0.256406871265525,-0.351760169851903,-0.0236754605779758,0.00993899830691131,0.173064550440939,0.0286484869472127,0.141131037985413,0,0.0672505003120405,0.396426486554082,0.471202369612575,-0.0160239681044069,-0.0487779175419073,0.231748120506636
"1329","95426",0.0911636690475216,-0.114906114324344,-0.0834977925308495,0.0520647025992175,0.0651750195617989,-0.114110858952995,0.0605998866019633,0.0992231359583037,0.113864903336557,0.0327909960836996,0.0544648802263439,-0.10635170745557,-0.00469549050435147,-0.0124489123075783,0.0301849056964201,0.00895535999225696,-0.0524032046139846,-0.00587056663088477,0.0301378183339509,0.27723083517783,0,0.0621480600076251,0.103817680170894,0.0776450438182713,0.020952017480712,-0.0119188618064056,0.0149087251174965
"1330","95427",-0.00798919069321173,-0.0118544616128615,0,0.0205592143477467,-0.015751191885952,-0.0174828211933639,0.0101984494474067,-0.00571212811339862,-0.00771201974311511,0.000271149313282767,0.011745342628011,0.00345873245474084,0.00272539942746019,0.0141344171954715,0.00409677724224886,0.0118050640566019,0.00321359091637388,0.00179427511988894,0.0437127445262746,-0.0399973339421789,0,0.00688287597210146,0.0829492312756873,-0.126949102869493,0.0254268116019175,0.0749697638174588,0.0862252597587947
"1331","95428",0.0606929710030158,0.182109459502152,0.237448443877358,0.104351478768844,0.104029705971208,0.0654508302887499,0.0599202690535795,0.0947189250611531,0.123126881863991,0.163334643561245,0.28891702104577,0.606119114499927,0.0709017692450203,0.153107224428973,0.228699961559046,0.015084804908747,-0.000911098348438753,0.0664203730220482,-0.0455816799473057,-0.0602246389290458,0,-0.0164380496104006,-0.0755538672093448,-0.189482061640167,-0.0142970555876422,-0.0568546253645726,-0.0546777615051165
"1332","95429",-0.00466594393369758,0.0178705504874453,0.0342880935691889,-0.00778162872218522,-0.011005648210795,-0.0111206941643794,-0.00215800247621474,-0.00593657484205884,-0.00734000831313017,0.00145189464010966,0.0106953034716132,0.00120803214640812,0.00448279093023324,0.0151962466630214,0.00370244655980332,0.00203603696447654,0.00483214635777539,0.00123132919081109,-0.00594944090162423,0.0104494007530543,0,-0.0048989496261496,-0.00783748782742781,-0.0114967846507376,-0.0105861450402048,-0.0100539897984593,-0.0109854017900351
"1333","95430",0.000624792010238351,0.0208280179177861,0,-0.0086462824529748,-0.00850847117289883,-0.00918500549607988,0.00702638624030798,-0.0072578400399968,-0.00591191248318613,0.0604055290941538,0.00533999854420868,0,0.0239663587629127,0.0114491514769249,0.0048594761006731,0.0213709120259933,-0.00485130641614386,-0.000945975714427621,-0.00822007945635616,0.00902119288827428,0,0.0155207707645026,-0.0258163271449059,-0.0134841461174964,-0.00195861519179821,-0.0173922207891901,-0.0116718066999976
"1334","95432",-0.00611298414478842,0.0159100896759236,0,-0.0204927721172774,-0.040853216850947,-0.060049113091747,-0.0128123670665775,-0.0208118389745689,-0.0301972126083809,-0.0242911725413277,-0.0379464140390916,-0.072819241370641,-0.0126324522786367,-0.0132233465667459,-0.0374482617571603,0.0195395731797811,0.0245199623840983,0.0431286484772649,0.0328785854269025,-0.0695121965958423,0,0.00238550839942034,-0.0459711759469065,-0.0391288041003725,-0.0133916464689619,-0.03816386756466,-0.0332716191423457
"1335","95435",-0.0546146579469268,-0.0712921692502122,-0.0657995608111771,0.00660417713256521,0.0515320444951731,0.039816720078983,-0.0257237536769059,-0.00532654061301856,0.0229174755122604,-0.0781880307674302,-0.08228083677881,-0.0854608209019671,0.00400246404288827,-0.0065882047091831,0.0190573633426829,0.0579150178098237,0.143506269231157,0.0928451146842868,0.00613817695317329,-0.0408467221471691,0,0.0247721441056689,-0.0807328951916646,-0.0713356437232369,0.0019652356077899,-0.033215376986901,-0.0465680310448993
"1336","95436",0.0589192370377472,-0.0608127064803004,0,0.00239287790725185,-0.0724857432877905,0.0106482255783082,-0.0664653506060889,-0.0338193859559902,0.000574803870466647,0.184940059224821,-0.195448851704828,0,0.0399241025024231,-0.102187414923844,-0.206310281302491,-0.0247403169422947,-0.00561363508955766,0.176813260787374,-0.208245451385473,-0.242684278742283,0,0.0112309846631542,0.319493280761657,0.737707180604512,-0.0682681535309193,0.0786323375610494,0.204373204429114
"1337","95437",-0.179783327008195,0.243609159851862,0,-0.156429396316172,-0.199264254679256,1.09931587499929,-0.166234575811101,-0.378794460210699,-0.698009099194466,-0.151439282618109,-0.0704608939202752,0,-0.0295976229574284,-0.184464938526635,0.350125385021773,-0.000684137495121371,0.167241305546335,0.501338655475597,0.114768832883553,0.279782999894886,0,-0.00130640294106791,0.862797760034811,0,-0.0690916833368857,0.64371619905543,2.20485477618568
"1338","95439",-0.0163200976267362,0.00408031384266961,0.0190711794512143,-0.0237716668833588,-0.0254873034391214,-0.0235013617735482,-0.00815573122311309,0.00367931982205512,0.0345617503688052,0.103759387058997,-0.008751498436483,-0.0100858243307875,0.0328719119395285,0.201082249844336,-0.0089193526460929,0.0125359061547122,0.105114578206608,0.191538741542512,-0.0399196404735926,-0.0211629267503834,0,-0.0480725071172193,-0.0475254513421209,-0.0307056156632086,-0.0242883908315774,-0.0544327934499009,-0.0409181836694557
"1339","95441",0.0687150649378597,-0.0633473385777363,-0.00801705839827073,0.0428436646697459,-0.00147291663428031,-0.0981290939169456,-0.00222104362728007,0.00963902512766804,-0.0066463250118644,0.00911837501139247,-0.0252446020174462,-0.0339027134868627,0.0251646998319605,-0.0261907531405527,-0.0338455224077737,0.0261883426840527,-0.0539675459935517,-0.0375841355928433,0.00916293347766119,-0.015371703839669,-0.0402252149825941,-0.044214342206435,-0.0613791152219283,-0.0573072084514378,-0.0361293511888223,-0.07159174364033,-0.0597374368569108
"1340","95442",0.0907406773453279,-0.0779596159287028,-0.055284975189342,-0.0171900090419342,-0.00400209440947746,-0.133536301299926,0.0348628313956345,-0.0278499799886856,-0.0767371850906351,0.0396076717677693,-0.0778342264844836,-0.0828347547813785,-0.0316903727944082,-0.0103715923975623,-0.118470738294576,-0.0351288971697362,-0.0689696439690571,-0.104762598896077,-0.0370734734708735,-0.0659103499250151,0,-0.0760095123847541,-0.0975756028532206,-0.116003975879861,-0.0839036462826517,-0.0902892032363325,-0.117628106383128
"1341","95443",-0.022549694861858,0.00386631414673855,0.0168539823026167,0.0291502867663068,0.0145623831139531,0.0662325643539455,0.0258967001095048,0.00199222087096927,0.0206510914284174,-0.0171933794929205,-0.00644111252495958,-0.012414768880534,0.023185262422719,-0.0210956693896706,-0.0157969723628686,0.0177787353984568,-0.00279198688489097,-0.0273555855700368,0.046097662331343,0.00126951157501278,0,0.0220383246936228,-0.0526366027815368,-0.0532080441623344,0.0158714586555604,0.0106861724526581,0.00867572942368967
"1342","95444",-0.0625095336296273,-0.0218679021152475,0.0240643856590928,-0.0197813605575968,0.0351678845818747,-0.0285801882963481,0.017585179893959,0.097310306024034,-0.0521620321171349,-0.0502780757639914,-0.0506257506880973,0,0.00808393466529676,-0.0244599834044056,-0.0888099403896626,0.00425996868006671,-0.0358854639276529,-0.03689562147717,-0.0378243302066727,-0.0234450121621306,0,-0.0150525629243516,0.0988341896132563,0,-0.0230212367675137,0.00580938916306074,-0.0403604152294541
"1343","95445",-0.0985898178934421,-0.0868484651406104,0,-0.0357311437765969,-0.0757173209170778,-0.0470206410995717,-0.0567257265388864,-0.0844471051949108,-0.0779118162550611,0.0421138270898164,0.131077794446742,0.328606249057495,0.00953109192819556,-0.0439945780503248,0.0279697047608955,0.0331722992396933,-0.0519920278182795,-0.0272273887371358,0.163203038046417,-0.10780518954202,-0.154914737256139,0.122852421730914,-0.110734072400598,-0.114948314080073,0.0676988232363553,0.00702833417281438,-0.142651251396762
"1344","95446",0.0295121950126031,0.555229478366194,0,-0.00436369985517082,0.190066177884667,-0.234947579161928,0.0691391959643057,0.0497784020007486,0.0926022663626672,0.0368439954341666,0.138195525340134,0.79784264583827,0.0536491470705632,0.0739793989006709,0.804841718801726,0.0477574870440477,0.159555350302072,0.166942911741691,0.0125921862941645,-0.0993622882573436,0,-0.043155580371292,-0.199120206487184,-0.172547694249782,-0.0534271697251424,-0.0700959553839357,-0.185313024480988
"1345","95448",-0.333546459297344,-0.746673760986668,-0.742935429142631,-0.231546650906477,-0.160339477498732,-0.181987954906415,-0.074310623915207,-0.141551779156079,-0.0501653472231084,-0.0215677076735079,-0.402523027433455,0,-0.184749389831519,-0.409374946376453,-0.731270697205034,0.00493647088810355,-0.180736431511333,-0.654181565885675,0.0636245146416062,-0.287846315164416,-0.973876386586357,0.0396478628077347,0.0839845944994326,0.25153723248959,0.107015274698825,0.0701816663324425,0.0872625649580685
"1346","95449",-0.0849154576128284,-0.0774410628862216,-0.0509130010661445,-0.0875264872534877,-0.0881999211049641,-0.0833217099696731,-0.0700823183286254,-0.0604395169270375,-0.0941016550064537,-0.00972222382730119,-0.0494334240307895,-0.0566496180821717,-0.000380239927624414,-0.0663599874772934,-0.0620399943077032,-0.0498204210040598,-0.0529970989474359,-0.0833821043148606,0.0268545158418612,0.220101946139094,-0.290753838489604,-0.0316684556600815,0.0178008557733172,0.0507763507712708,0.0903715082216131,0.0915008951250865,0.225184004463833
"1347","95450",-0.0071498872230052,0.0137513854008157,0,-0.00707861642291907,-0.0100096677078721,-0.0138485316097923,-0.00343474809540734,-0.00620103844167388,-0.00764152442019127,-0.00419226069580027,0.00721087069093348,0,0.0200607799172113,0.00882313283562463,-0.0018148961416008,0.00635076835452555,-0.00124738426395381,-0.00222902771457437,0.0497567176910011,-0.00613503226603041,0,0.0410606894326232,0.0903133235316885,-0.0370187176042905,0.00840737449554636,0.0808480071916209,0.127875211803068
"1348","95451",0.111188099140363,0.35715299383615,0.270119758960932,0.0606871376227133,0.194098357262327,0.310174871664557,0.0759002660480039,0.0542403803166869,0.0482849195322711,-0.070698474139118,-0.124142754419225,0.0770278679932572,-0.155873522313241,-0.232509824725003,-0.237520823059872,-0.134071441611879,-0.0331589961269918,-0.145829807629884,-0.296053350071052,0.0946528207078604,0,-0.161455512262776,-0.123376281354299,0.11379281262056,-0.0115620666402726,-0.0898715581305686,-0.0761022967236868
"1349","95452",-0.0573340830188488,-0.0243246056107579,-0.0122366058489223,-0.00622116580062084,0.04750442619147,0.222646140314954,-0.0133384715105454,-0.0116092054392889,0.0428884089247323,0.000954916343716098,-0.0343723910573326,-0.0428324660037539,-0.0159091182735058,0.0115073109994071,-0.0566027395587945,-0.039792422699847,0.00210418385913161,-0.077414400052736,0.0489944104348173,0.271797146158459,-0.183861821827212,0.0311033547245753,0.133343563636735,-0.133107879465831,0.00823079523722613,-0.0292360803698853,-0.0274491334564248
"1350","95453",-0.212527306531273,-0.238025124674387,-0.240410214621616,-0.167723897093762,-0.0477373714422962,-0.127596747481269,-0.177398066256235,-0.224543596717537,-0.156753768198342,-0.511303786344339,-0.386710075361503,-0.468094427127486,-0.265171480829874,-0.312660641037523,-0.210895565710694,-0.159779622816606,-0.192306192916332,-0.277839654309166,0.659808825631334,0.367747137962102,0,0.292430135639793,0.213832733875153,0.417960942868752,0.179868287411311,0.00410211769257362,-0.0732411937579421
"1351","95454",0.0984711738958992,-0.106392238736441,0,-0.00248081205754745,-0.0238312235596966,-0.142056359815321,-0.0255341917347874,-0.0760798050397344,-0.0409682117574041,-0.0298702565028407,0.0762473965191301,0.140037054703308,-0.0507211503303995,-0.0109814131301474,0.0655610733833039,0.00104418689524019,-0.0937633055161828,-0.0668587151752536,0.0861174449791822,-0.0883197900653972,0,-0.00674720298091782,-0.113612577772774,-0.133838881590474,-0.0211305232691639,-0.00793643255949802,-0.0447140656402143
"1352","95456",-0.0315200411949082,-0.00985961500196321,0,-0.0232190905445495,-0.0492280417660199,-0.0490013204244256,-0.00986339297856061,-0.0147630294774034,-0.0419797726640852,-0.0678336508333137,-0.0582888115862771,-0.0451157865518313,-0.0669015177233452,-0.0644293216389296,-0.0700821678894736,-0.018255544044556,0.0272475477843008,0.127721851020079,-0.0261487570208315,-0.0928100196691823,0,-0.0514963616408765,-0.104999703930365,0,-0.0237913721934534,-0.00302142200510598,0.0121229350267516
"1353","95457",-0.0568267537688397,-0.261583535357023,-0.200994037517985,-0.0775894796824992,-0.153950240795117,-0.160917347140362,-0.0281020775624908,-0.0220071367372809,0.00117996852823745,-0.0807457409855493,-0.147896531568595,-0.0377331923277027,-0.179525052458703,0.00105881799455164,-0.0613053410644527,-0.0989778668768329,0.0224989506897746,0.172390529808683,-0.102585583832849,-0.211633667387273,0,-0.0367339019433733,0.00760740965823532,-0.179865338474924,0.0375986505410124,-0.0285590207180358,-0.0163940936712925
"1354","95458",0.109264986223681,-0.206636320100757,-0.010042819986207,0.109269828773744,-0.00799773175985713,0.113532350162055,0.0367743918200084,0.103117306644048,0.059888957228973,0.0979027239060123,-0.139302465813832,0.0270147502761494,0.0324094555812686,-0.0196781655753809,-0.0569979294763731,0.0112818652026094,-0.0150436587357439,-0.0539796837603269,0.0553874157179857,0.214786924063462,0,0.0977540776841393,0.166511748412398,0.635514362453677,0.0769550285650082,0.0340280952783985,0.0572186314513
"1355","95459",0.0360830415646718,0.00341214946120662,0.0259229353339567,-0.00881994242283616,-0.0361876959846446,-0.0415129110165858,0.0381235073670098,0.0174631089148068,0.0609948219879673,-0.0133317211719125,0.00268938126616036,-0.00726823811147709,0.0119108083728639,0.0669031484843711,-0.0186552260238821,0.0181808116646875,0.0468364913149767,-0.0275009604984758,-0.0266537158126076,0.00530352836859028,-0.0108055750487067,-0.0246732336261145,-0.0230573777970271,-0.0180008862965382,-0.0188624535890937,0.000670547484877788,0.023643919306437
"1356","95460",-0.0949834327281033,-0.0294975186229952,0,-0.0379881974811756,-0.0763454977440663,-0.0737373442191957,0.0434984371136203,0.00905967750326774,0.0746475589814304,-0.0304166669715824,-0.0502164099234971,0,0.0443757140214747,-0.0451300813176869,0,0.00289024161543053,-0.0834931662177395,-0.0706149723590687,0.0137255927818045,0.402839428274907,0,-0.00255046812680722,0.161430000731344,0,-0.0222265075113398,0.0438639128922989,-0.0871757245893502
"1357","95461",-0.0672257955696679,-0.106810885814152,-0.271384878548607,-0.0570053604401569,-0.141742395506549,-0.270125430393906,-0.0255658082174309,-0.140176488415416,-0.147463836343058,0.0478027602454276,0.0766910604454912,-0.301821798674913,-0.0176608762443536,-0.0746333683395544,-0.284487901492148,0.0321664535425859,0.0409951037762622,0.0257165759291613,0.00771625115476256,0.168518449931209,0,0.0156076372692609,0.0920835482983142,0.102462076909625,0.0635616138856844,0.132967979217592,0.118675220738609
"1358","95462",0.00531448353907617,-0.0583262185112038,0,0.0473226145724495,-0.064949104198709,-0.0493119562726621,0.0258679107894351,-0.0634063440914267,-0.0587942199899578,0.0659381935436222,-0.0979747540314565,0,0.0451341121569223,0.0445905885216804,-0.175081661486528,0.0218378060638171,0.0581475776000212,-0.0927027928368292,-0.0672169501988601,-0.0392601570748479,0,-0.00454960851711852,0.0991245328706965,-0.0955063997170323,0.00135012585990175,-0.0110273710829149,-0.094127091453314
"1359","95463",-0.00122833916143187,0.0219474596499729,0,-0.00482878595976272,-0.00928044122552233,-0.00701230345328603,-0.00382184245640222,-0.00755011976258546,-0.0104058920449526,0.00230196753103067,0.0132844067498934,0.00453392627424926,0.00380425686054496,0.0166372292006377,0.0059332139189752,0.000321613029143214,0.00458062783130356,0.00267070500280001,0.00120293350117901,0.0066436335051188,0,-0.00436534150939623,-0.0110394310034909,-0.0223363118566888,-0.0106373160040781,-0.0103586696146008,-0.0133377552702373
"1360","95464",0.0664030651589296,-0.0326966884031104,-0.0425583019724938,0.000576534678485293,-0.00143961849589033,-0.113567674341924,0.00288443669513067,-0.0231316215262829,-0.0838360314089102,-0.0682850382876769,-0.0324224221026257,0.000412882243462149,-0.0303870554840195,-0.0365583489551607,-0.0521103847431559,-0.000999918933583172,-0.109883342279626,-0.131971972859574,0.333687334991939,0.245385850817574,0,0.1538686688323,0.153734460254428,0.297574103723871,0.118210348850045,0.181599404431912,0.155259284229258
"1361","95465",-0.00532052858197024,-0.0518690243059374,0,-0.00642484325253938,-0.00101926647527447,0.0888128108055091,0.0192080335843217,-0.02529894529911,0.019073772345012,-0.0481067621984327,-0.0360127112238096,0,-0.0321945773513337,-0.0549820057870146,-0.0778807165048874,-0.0288151449063544,-0.0553485049387008,-0.0466196921045213,-0.00493205359584177,-0.0944521498186978,0,0.0276243744826487,0.252732430373777,0.959560145505112,-0.0142964516734663,0.0710899745801209,0.288780774747982
"1362","95466",0.00659286796733846,0.0899618838976839,0.19665366810036,0.00452639052691636,0.053957666592539,0.14057613726493,-0.00337593980603383,0.0240077144462895,0.0769335419167302,0.0221953458012455,0.0970843278673673,0.167885043632341,0.0422008620751763,0.0101869086461752,0.0390306391441271,0.00136180219779659,-0.0150163236164605,0.00450856550462043,-0.0309455103435241,-0.0240039493677528,-0.051054883119769,-0.00416950262924335,0.0508183827653205,-0.0389387802344682,-0.0125320841170827,-0.00599866290190776,-0.0482492985427918
"1363","95467",0.0240954932343186,-0.145352290726822,-0.150913524360035,-0.0183483955444326,-0.0257674532162085,-0.0501901306830411,0.0177027888849816,0.0270166736465697,0.0942964718737045,-0.171429704948594,-0.138058986071438,-0.161359602169563,0.00163438956011972,-0.0251258064964365,-0.0299455440268161,0.00699696071968598,-0.0536962572227579,-0.100893371190144,0.171680120083078,-0.1729530447153,0,-0.0386957201622914,-0.0870522554683046,-0.235420956013397,-0.0373713543781377,-0.0706341809214453,-0.0896224500962532
"1364","95468",0.0732971842682294,-0.0422211115450176,-0.0223578483879335,0.0617338169473631,-0.0661257026372313,-0.0645131257247071,0.0225049594371795,-0.0185263369985705,0.0125506327112914,0.0879332854812309,-0.079017341716206,-0.0914011787818384,0.0682918790061987,0.0371873462634302,-0.0601374314673636,0.0213898083340192,0.0225033339617901,0.00825647944398506,-0.028954314461949,-0.0191718867124026,0,0.0485850001311835,0.0616278516972337,-0.0398352827720867,0.0194093871280798,-0.00877779499035049,-0.0433551973183759
"1365","95469",-0.0186810524662721,-0.0417793047670199,-0.0343247226997933,-0.0130275976787092,0.0055859225275513,0.0423255424612314,-0.0241154379751326,-0.0434312511953573,-0.0641041800645359,0.0047192286135011,0.0105844982352277,0.110253698214748,-0.00653288594475861,-0.0737097800463316,-0.0345392901152216,-0.013058954527508,-0.0140316553527969,-0.00326573943979556,0.0565485620394077,-0.0661380346266522,-0.13122018489597,-0.0271721041771558,0.0581461188056989,0.261002002377382,-0.0160897458070778,0.00275434766408405,0.0748745958377877
"1366","95470",-0.260081174450053,-0.308885150301994,-0.280889607782561,-0.0849314369762241,-0.202834292911913,-0.183668304790967,-0.0228094072886704,-0.0876726068545079,-0.0834472173503816,-0.210675202876103,-0.116734047033579,0.0285721028622631,-0.0604768702726225,-0.0304510963046924,0.0733675827939929,-0.0131234074688468,-0.0551309317932629,-0.00972495450240175,0.00954758078292001,-0.0260930268411362,-0.501130742287679,0.0720815354560683,0.137686612324028,-0.0855079536495975,-0.0159830158966237,0.0333511072459623,-0.0386481035261084
"1367","95471",-0.00494386746422219,0.0134473743690896,0,-0.00995329433284481,-0.0124301926660988,-0.0155162083969717,0.00430565189848495,-0.00992782240172767,-0.0087403436503405,-0.00323043982732539,0.0123296754234865,0.00322515586636488,-0.00579957718052578,0.00904153565712761,0.00557148333804594,-0.008404749217273,-0.00379504976805961,-0.00529569688125185,-0.00713671244447235,-0.0004244723908289,0,0.0122081186919622,-0.0215390027929871,-0.022784329108719,0.0042091588413299,0.014715565231531,-0.0160531639817488
"1368","95472",-0.149567613747139,-0.0917922964659526,0.0717221282649217,-0.268275043779772,-0.0178259863392951,-0.108899176601577,-0.13258902282,-0.272721572739987,-0.263341212368907,-0.15064734077589,0.652429118464799,0,-0.19364022944753,-0.10256229966208,0.146503038155146,-0.0615487465106452,-0.195264303062915,0.223113858997907,0.085631512513627,0.767337795855967,0,0.0301234783706967,0.0345773826573363,0,-0.164136903049737,-0.136578182402306,-0.64053601958035
"1369","95476",-0.551077807005966,-0.197405384092995,-0.429796284013246,-0.24564184200108,-0.050158345186889,-0.5210707853453,-0.178943663296844,-0.297860462059403,-0.0418634943690424,-0.131935646183902,0.0371541895015083,-0.445811775811111,0.181565233519991,0.1327958548739,0.201459488173138,-0.0548858298891751,0.0202164249335544,-0.216332010923444,0.0543680104024945,-1.15693215018246,0,0.175990271777845,0.190361908714321,0.920838869744115,0.0971547206927115,-0.126803357792494,-0.688363144039164
"1370","95482",0.306824814285242,-0.604661597699219,-0.764941785962647,-0.0897316690915131,-0.298819616470771,-0.846799176753964,-0.0586676031767648,-0.0470451253310477,-0.165445079934867,-0.486160298759377,-1.01828486835031,-1.05921569820604,-0.148715039459738,-0.196026970420807,-0.552675188981946,-0.211273845859102,-0.331556212618449,-0.261145593279973,0.342051521632855,-0.59801498749248,0,-0.0736969871142752,-0.556802255680926,-0.290722928003391,-0.14673288955087,-0.24772135837803,-0.214141349422049
"1371","95485",0.020643002829739,-0.0566319551907248,0.142522443139447,0.00251681186485016,0.00303376752786033,0.0541188548627753,-0.0214957491873696,-0.0629727002100579,-0.0251545169988012,0.182357547092235,0.185875265796561,-0.0500404317847089,0.0494625572122886,0.0198842203558574,0.048851752883471,-0.0438120936293852,-0.0367031519861064,-0.0707960937385622,0.318804082241574,-0.113275574536693,0,0.121317427024513,0.0819306486234411,-0.194887947745197,0.0554881123163244,0.0543407046457043,0.0128238618265862
"1372","95486",0.00283160517934399,0.0215598612711912,0,0.0248788576220162,0.0655818862648767,-0.00906662030104542,0.0136653551679572,0.031472187106573,-0.00482261504717337,0.00019469359442487,0.0109363806151588,0,-0.000639632913669595,0.0103983913228092,0.00677075152311986,-0.00363616862451187,-0.00151351857608087,-0.000507190671005306,-0.0108075920984138,0.00994159131400709,0,-0.00950452208105563,-0.0114707218053378,-0.0114765497285615,-0.0140390645486763,-0.0118560219629972,-0.0106970409075558
"1373","95488",-0.00829936446254483,0.00831193606263247,0,0.0167379762331493,-0.0338096562123819,-0.0215575445019016,0.0206832251923586,0.0230150392910605,-0.0217911724734604,-0.00825061618975822,0.0125406387387382,0,-0.00554480522760742,0.0155784429021941,0.00246182922918731,0.00802513336934487,-0.00595065392395049,-0.00401407928272855,-0.00679019139930591,-0.00378672555867395,0,-0.00986206635165468,-0.0236833980129254,-0.0313768732057578,-0.0136991165112408,-0.0162063389336695,-0.0168223509070983
"1374","95490",-0.109826356406965,0.0651445411114459,-0.690644241049912,0.108184132890987,-0.12001870666834,-0.523404313794389,-0.0585962598458588,0.0189706663710103,-0.183378157329592,0.172804170405309,-0.222973876221162,-0.589085527741824,0.180331345946315,-0.00143222747503836,0.147107467109907,0.133430283175856,0.0573770409404441,0.0285842170645955,-0.108963540928227,-0.609733401601139,0,-0.130520905727784,-0.0628492929443476,-0.0948232250539987,0.0705836159376488,0.0592121572739797,0.113853660338902
"1375","95492",-0.086385844613337,-0.168299531448788,0.814358912432496,0.127037659326258,0.0831356268994935,0.073506896473608,0.048655595474246,-0.124669078985072,-0.218974793551389,-0.243825352355827,-0.0767792424859801,-0.28463546713908,-0.164887060623133,-0.213663782025838,-0.247838891595048,-0.0977335802852024,0.0140043553883646,-0.0110838050937588,-0.375641588590607,-0.290852604358544,-0.0409285321472068,-0.349934169588057,-0.199119037279743,0.523003718597935,-0.177147540734138,-0.474802076315695,0.0469816367323888
"1376","95493",0.0492947170293604,0.143812758011598,0.0370615198608781,0.0124224703776254,0.0284761340283024,0.0784402288344226,0.0481603813901013,0.029497764231088,0.058784326841111,0.0628231606642585,0.122517861811713,0.0028590618400266,0.0505920828516297,0.0570248869540412,0.00245050635493191,0.0370899280011749,0.0234966135338402,0.0406435750459844,-0.00107628746030299,0.00946435338163114,-0.00467500819011575,-0.00724541399803481,-0.0144077772430581,-0.017139389516071,-0.0137122938371233,-0.017193307000298,-0.0208712282425658
"1377","95494",-0.00695319832601115,0.0151987386133355,0,0.0223331313118941,-0.0151325857954396,-0.00791226560319826,0.0104424892948445,-0.00997236252621652,-0.00744975245691021,-0.00232315908976244,0.0140639871611533,0.00464515322109496,-0.000788855669322383,0.0123960705428316,0.00657000445735749,-0.00239419962836823,0.00228819528325228,0.00271891351667638,-0.0011204715210005,-0.00200084480257142,-0.0197840516445601,-0.00551777405311924,-0.0146027409823584,-0.0186481701886968,-0.0104031013636533,-0.0126609648794831,-0.0167184664005771
"1378","95497",-0.021798296331545,-0.00262196472360622,0,0.00578862009077709,-0.0225093678005522,-0.0160452860085157,-0.00464372235571634,0.0197443963266252,-0.00914692679726433,-0.0106530894021745,0.0117678884133069,0.00032213255369214,-0.00962657251227763,0.00481352710033365,0.00353012031867011,-0.0124405842576823,-0.00522728284023399,-0.00130685523695354,-0.0168613756038994,-0.00924406920737645,0,0.00457328742480214,-0.0289978880624949,-0.0467833659082307,0.00392635503432554,-0.0286592816814551,-0.0315558951443766
"1379","95501",0.183787477003729,2.9668433063164,0,0.012577488450024,0.289395107242202,0.176246657028371,0.184864113598627,0.490622992921966,0.0296219139056171,0.208458903409387,0.4475271511047,0.148085366314907,0.198755773100107,0.556154169663511,0.732717566468978,0.111804311610692,0.0315876532721002,0.0907174208437658,-0.50680008466671,0,0,-0.279563516193725,0.778288915511457,0,-0.149289986421805,0.790104873746823,0
"1380","95503",-0.128925397265322,0.927754435429534,0,-0.187880875804492,-0.125577839291046,-0.0219578821263645,0.148738724433252,0.165818223002373,0.199969337530923,-0.1082340876309,-0.470078621771601,-0.537751772803451,-0.0369557784363738,-0.397480680869051,-0.227800983870149,0.0232401500567545,-0.0395350492620707,0.222297354891824,0.247142697464756,0,0,0.135408791514735,-0.733503614120295,0,0.0946208888657914,-0.445583354522666,0
"1381","95511",0.00179902174660001,0.0213314031808643,0.0361844433388509,-0.00553812792583901,-0.0111248833405382,-0.0144445719416728,-0.00233261162079197,-0.00595057138145581,-0.00909771050926041,0.0629997588716397,-0.0461099054880486,-0.0491401631002265,0.0283136960559621,-0.00220362960511797,-0.00804420279422484,0.0128237718418581,-0.00575210238034143,-0.00631090586463323,0.0586749743169775,-0.0204383736398267,-0.0251645862548433,0.0138729798628021,-0.0267618641346625,-0.0263145266219962,-0.00478963718476975,0.00777323660123107,-0.0287813710211747
"1382","95514",-0.00256986502073878,0.0177797745671499,0.0358575927317347,-0.00666024823143559,-0.011408812513274,-0.0143919775962492,0.00399294374216502,0.012282555684738,-0.0127220312686806,-0.00661736968836486,0.00463071308387782,0,0.0124139999157615,-0.00045185945013467,-0.0146382566438322,0.0169833830068158,0.0199824116432117,-0.0116877872441518,-0.0135971349332812,0.000569664132335077,0,0.00301533111468268,-0.0309021867876666,-0.0234209752473311,-0.00176197336876154,-0.033095825792998,-0.0270245365765656
"1383","95519",0.163217909597607,-0.812809483558018,-0.732929744742393,0.176240941006087,-0.147131198061858,-0.69662255648651,0.0999544711941147,-0.171182671698687,-0.488734963235208,0.0131068720841923,-0.0661252767888441,0.436736858320124,-0.130725019227813,-0.102203869932819,-0.0144229081459361,-0.0781178836706285,0.0715984333944341,0.101193546347934,-0.0834277530499834,1.33127044412531,0,-0.115846706603291,-0.11082957903688,-0.669616950314624,-0.124550367000778,0.173489516614111,0.015572825801476
"1384","95521",0.0446371531070102,-0.0466397299456531,-0.80120652521875,0.0596976803490068,0.0195913334257854,-0.769334420328917,-0.0571215064531583,-0.131120837406055,-0.221295137802872,0.252049039322563,0.329800038384699,0.0272442019921848,0.202519278639418,0.264948633361791,-0.0715079607760868,0.0116349181860903,0.0637988215333738,-0.185094746922564,-0.431877027787921,-0.485933864839498,0,-0.396556556721021,-0.286601718787154,0,-0.233189236946187,-0.0663251711489272,0.25317111821322
"1385","95524",0.0491212177222629,0.263631490505299,0.969293585794634,0.00441741809761639,0.025906374202995,0.447186549622949,0.0616989270715034,0.0865273690698036,0.0863976031861477,0.0605253512714539,-0.0269747799110567,-0.0316781642904351,0.0190021601774357,0.0359263636843131,-0.0349262325399625,-0.00211439461142156,-0.0280916090091488,-0.0483795474337538,0.00404828917594139,0,0,-0.0289216025699431,-0.0588280862984283,0,-0.0485871276385795,-0.0512390282469929,-0.0463233323729091
"1386","95525",-0.0842850118578622,-0.0215477198149781,0,-0.00704467232776768,0.118621168711734,-0.127188691263771,-0.00202233347353429,-0.0260752572715906,-0.103684866467483,-0.0654025286492307,-0.0392047449082566,-0.0374097921170175,-0.00183499688628379,0.0183164177751844,-0.0455481788951298,-0.0177445714894488,-0.0133069974769172,-0.0638380042096128,0.00231129420826001,-0.0202189421974461,0,-0.031854410639384,-0.127431748595266,-0.356484418827776,-0.0402960723434961,-0.00949116715270029,-0.12994497710903
"1387","95526",0.0772170860847872,-0.0505329172642871,0,0.0386281507594508,-0.0484397198462776,-0.0326123671330007,0.0375369945081692,0.0644608769325353,0.0976661367930497,-0.0297925049882698,0.00135778774085351,0,0.0189699441429618,0.0466667721446486,-0.0181552090440665,-0.00467925325293271,0.0576820514173333,0.0840910718715587,0.150087899529474,0.726360962409199,1.96053115173129,0.0985286071082508,0.148122618159096,0.370046569631131,0.0379723882271108,0.0429568545941601,0.134091133503749
"1388","95527",-0.0177024700646429,-0.00577513214277156,-0.00160313167839728,0.0399950067559344,-0.0263146409198385,-0.0316368198842703,0.0220875426411092,0.00506246659805609,-0.025085289894122,-0.0394534496925709,-0.0436883571295301,-0.0676148204333567,0.0371537876679277,0.0581385589695583,0.107727631473773,0.00541601330173803,0.00779043567779162,0.0361399770654479,-0.0450695313525272,-0.0383628794952221,0,-0.0597178845741097,-0.0769270884608355,-0.0731522540558854,-0.0411910131018163,-0.05756553715787,-0.0506065950000577
"1389","95528",-0.0479692900717804,-0.0326582935529936,-0.00824558485508616,-0.020651438978855,0.0123445428740123,-0.0831540208603317,-0.01821084621838,-0.0180778998383557,0.0318524576646639,-0.046017231953275,-0.0293710172903165,-0.0411526247825752,0.00654866042841635,-0.0468097665256932,-0.064087835151971,0.0123670719451837,-0.0165470535265316,-0.0634621734479654,-0.0696433637833487,0,0,-0.00829851734879868,0.151758884128488,0,-0.00808047008389646,-0.019475186504981,-0.0359984878824631
"1390","95531",-0.0797960059847448,-0.283181350122017,-0.209096620342349,-0.0454152514367603,-0.06058791295563,0.098642967919347,0.0156696736622743,-2.56600795970305e-05,0.0980953832334668,-0.116991442739653,-0.250336735528572,-0.10777267831741,-0.0027391498575278,-0.185472870857001,0.00717901333862165,0.131861442315378,0.0186059101471233,0.152656896264188,0.0188430323903966,-0.115465637570288,0,0.0876100819986081,-0.0594454424895769,1.7501033881173,0.0730403944050305,-0.131417291046258,0.166867295934654
"1391","95536",0.0836054121681246,-0.0814823126865269,-0.0480087058769725,-0.0227760639862197,-0.0692964638466806,0.143746399743296,-0.00974920370466723,-0.0449461998917342,-0.0479550169400706,0.237375829567901,0.533490623671833,0.958415627323399,0.03385102994535,0.108953858431632,0.213392608240356,-0.0166118050375164,0.0382908989540982,0.122790718320505,-0.04028318429253,-0.0958587514283545,0,0.00509451822954137,-0.14193348274423,0,-0.00613969628193847,-0.145591382035607,-0.13076559486805
"1392","95537",-0.020714290922921,0.0205786891299237,0.0357304712904094,-0.0206530686311234,-0.021254200644745,-0.0340094562747801,-0.0134421022455527,-0.0158617631731912,-0.0160583833885881,-0.014916289879742,-0.0155981942381565,-0.0308430641706148,-0.020011219749534,-0.00149298756157388,-0.0145450935992456,-0.0214445294616199,-0.0179230803804313,-0.0101096928132453,-0.0178797762996406,0,0,-0.0230198289108973,-0.0232125991192669,0,-0.0334421281977615,-0.0315948134378741,-0.0175580477246731
"1393","95540",0.00672368197530844,0.553116622714587,-0.803404762309557,0.143800370290098,0.238644489233418,0.205526255978498,-0.0495030503061424,0.151110828951908,-0.00180343513043506,-0.132667327443118,-0.439692326596331,-0.0938212249398028,-0.0541960604320071,-0.0620415110895731,0.510959792549503,0.0605502333904105,-0.0198439347031522,0.464485595053938,-0.193984148145925,0,0,0.136729803438171,0.772047323486601,0,0.0711279613990104,0.329585565702738,-0.0858104188467421
"1394","95542",-0.000485265564319632,0.158765693534468,-0.0457593417878544,-0.0502483847111069,-0.0250587251172033,-0.0609649737506628,-0.017794943515413,-0.0013863216935944,0.00760487690701777,-0.0278525761620219,-0.0607345427666591,-0.0591832661319544,-0.00286800492827548,-0.0658334518673857,-0.0661732817556039,0.0322170008762279,0.0529439727916241,0.138547552163201,-0.0679062890442667,-0.0211436702595248,-0.058635032771719,-0.0268429891122677,-0.0710998232532745,-0.0829313668013038,0.0104556665146992,0.0813503113447947,0.127433557588063
"1395","95543",-0.0512656784612263,-0.0142447805294075,0.00520961131717669,-0.00370139613422677,0.0101927845451955,0.0151816274702015,0.023722728911099,0.022268570653371,0.0413123645634429,-0.037245663706656,-0.00879017510670655,-0.0147935474773111,0.00371424573642711,0.058126197433966,-0.0109297508976403,-0.00575984761965458,0.0126119958912638,-0.0209697092011182,-0.0434468465852735,-0.0536320682766742,0,-0.0155291204995614,-0.0597732836972037,-0.0529223482997046,-0.0310524240628513,-0.00766599965652537,-0.0637294805349433
"1396","95545",-0.00562218494620542,0.0129148598530023,0.0268244279859594,-0.00649140949175491,-0.0131652574159086,-0.0178637375803912,-0.00223524793459427,-0.00754811425556197,-0.00980791681167206,0.000431040928918168,0.0140364182224999,0.00459324731256697,-0.00134540812417618,0.0140938391657857,0.00653350499085524,0.0099287897884257,0.037791220778388,0.00195564474006749,-0.0070779035632257,0.00705950601724898,0,0.0205525880758046,0.0969281878838399,-0.0164727321241893,0.013787884389978,0.0313585952745816,-0.0160097649357732
"1397","95546",0.0356274203434659,-0.199691707838382,-0.122919777216608,0.0310740181921009,-0.0581924322860613,0.174882828274937,0.0524571709482951,0.0118797702297866,0.0806834908320004,0.0691249567982868,0.2306431728157,1.88894357145292,-0.0147440195953874,0.0832595933337836,0.248984758593596,-0.0596380655813317,-0.105994432521142,-0.0822648952347851,0.0464511390343226,-0.173193485643266,0,-0.0230766323999754,-0.0421894301926471,-0.210404237754739,0.0196107834312146,0.012197885543771,0.0718422657061359
"1398","95547",-0.00693855060469313,-0.0506503406605534,-0.0789242696009605,-0.043363359576031,-0.0731061624601612,-0.080717214246387,-0.00595531565855571,-0.0412951064677877,-0.0917069933232407,-0.0507768023919746,-0.04284322727491,-0.0398583241463083,-0.0402580700894524,-0.022555022371276,-0.0291095837791592,-0.0365858815189481,-0.0431145316125121,-0.0410992432877647,-0.053912796073042,0,0,-0.000115142483054923,-0.0701500680535675,-0.0723614206479478,-0.023671715874768,-0.0113398230330084,0.186060643745345
"1399","95548",0.0486380991478681,0.185196459301638,-0.0726426228878363,0.00525916166722068,0.0195521434342971,0.0850736888002172,0.00425845067643091,0.0418274971561111,0.056128552685324,-0.105675015850993,-0.0853233119832566,-0.104824769357006,-0.00120109706276592,-0.0324539747842014,-0.0992186363515645,0.0423076932273543,0.0567677904689891,0.0355028946301141,0.0217887592867649,-0.108996413381894,-0.107622908224532,0.0311679276227793,-0.125527475840238,-0.127057675414095,0.0182398336555619,-0.0171946945759321,-0.0127749451380585
"1400","95549",0.0529427655383109,0.00672027460434818,0.0219370530706855,0.00685242186734177,0.0909997938715917,-0.0161329268358553,-0.00158404282560251,0.019702347085899,-0.0278727144133021,0.0550712307460485,0.00890560092147425,-0.00278327170574873,0.0429131658472149,-0.000520016263294145,0.00110176918485911,0.0247863165330974,0.0165259189813171,-0.00601456975183985,0.0483504171787762,0,0,0.00229355618126183,-0.0568587309947395,0,-0.0121762906085829,-0.0294919398810711,-0.0261262418788619
"1401","95550",-0.00541863577600649,0.0178133575006533,0,-0.00437473695204942,-0.00693061773047242,-0.00807109380400735,0.0163834364956865,-0.0067832617449607,-0.00434775632623063,-0.000581008038384822,0.00890940328568174,-5.93813503017654e-05,0.00262992056740238,0.0134347576989675,0.00137814969753646,0.000329075721357557,0.00381847230772947,0.0010547849944599,0.00200581275553345,0.00989188273585726,0,-0.00434088766914791,-0.0105597708027918,-0.0116434878365145,-0.0102258198296164,-0.00911029921779816,-0.00912853669263525
"1402","95551",0.134906073743434,-0.0170353936880414,0.0135348463487669,0.0900381910178617,-0.00513178971351326,-0.0245417566668222,0.0648399030364148,0.124601934095383,0.109623490617641,0.0190450774200643,-0.0744631149857827,-0.0599621888295765,-0.0180820748079513,-0.0462522454638906,-0.0435354750539793,-0.0124683291812909,-0.051793563623871,-0.0450538040762737,-0.0369695589053576,-0.0172461749006748,-0.0408448572567548,-0.0554235922325089,-0.0320958470347188,-0.0437736447308419,0.0398872508045969,0.0509449386384388,-0.0919369646969421
"1403","95552",-0.00901461553532919,0.0111878103017374,0.0248275635096295,0.0139993667838824,0.0398463879018131,-0.0185386743561817,0.00284009667371242,0.0105830387429541,-0.0144904889201086,-0.00593788968795139,0.00372989460843379,-0.00590390230375015,-0.00465205803637306,0.00696183288590803,-0.00215479764511615,0.00736231034204911,0.0214006923639446,0.0318574350327296,0.0305046313583249,-0.0485913550169676,0,-0.0103381076849778,0.0375263414827048,-0.090032252047367,0.00450061538663862,0.0348484454541049,-0.000863743106179593
"1404","95553",0.0407168118969871,-0.0216638078630894,0.0254572394501232,0.0540650691697207,0.0966702144259856,-0.0742501143169501,0.0230069389948316,0.0525019443861167,0.00965102390108816,0.0490337601599381,0.00330456695172735,-0.00754952866800074,0.0144795660470732,0.00323934052356655,-0.00836206022277077,-0.00475665210707148,-0.0156468526456909,-0.00992711593346917,-0.0208460228346719,-0.019438299265598,-0.00873831246995157,-0.0241123480926578,-0.0266742228040307,-0.014005915000577,-0.0155772084098612,0.0069042353036714,-0.0187391607949221
"1405","95554",0.0424470302212875,-0.0164539335533479,0.00847514231727353,0.0281617074907832,0.0256666625902175,-0.0303082813737388,0.0028975414066622,-0.00330415862256079,0.0213863521811094,-0.0251513354652344,-0.0126311310539986,-0.0302551802950766,-0.0308100839305977,-0.0137069065964947,-0.0258682865263971,-0.0286095017394542,-0.0201867839054985,-0.0220865716072446,-0.0172043177348877,-0.00482224300073409,-0.0248759724330908,0.00874705331648496,-0.0297159065357284,-0.0281262942743185,-0.00968637399151958,-0.023834470166227,-0.0223431754608992
"1406","95555",-0.0161602295711014,0.00450450397532671,0.0264472657797637,-0.0273918159683684,-0.025806810027999,-0.0263203713232886,-0.0173262464932354,-0.000157431373578639,-0.0247820299231953,0.0450224759635601,0.196492127024388,0.488630345479371,-0.00654236723068292,0.0369247742249018,0.129033464737824,-0.0234617313286123,-0.00216968172169555,0.0271156187107203,-0.0275085776677456,-0.000769157136855018,-0.0155871608343143,-0.0147401307665187,0.0923149937183086,-0.0428491565375528,-0.0148241387820477,0.015743444072016,0.115525386958457
"1407","95556",0.109190721579875,0.20892600201286,-0.025549833265607,0.0632175234926553,0.0833234114527858,0.107659396115472,0.026462547080774,0.0331455532539053,0.0422854679150671,-0.0239700517461754,-0.0106148479768652,-0.0234067265750765,0.00564146196399759,-0.0151578943906921,-0.0213743836290927,0.0162273098541143,0.0613827348435668,0.0523097237127844,-0.0162064781083288,-0.00597430076560102,0,-0.00189804030849497,-0.0357251877342929,-0.0248065257480476,-0.00859626728766892,-0.0404687365451126,-0.0477040839152333
"1408","95558",-0.0165361317289736,0.00445161452244972,0.00869790522741799,-0.0171131416260497,-0.0153158676041324,-0.0209621213407816,0.00544991681842242,0.0251359661862084,-0.0112606239757952,-0.00712951623891148,0.0123423075076657,0.00358478966116597,-0.00877186115595306,0.00674230937893413,0.00102001879601664,0.00166692290788663,-0.00783401051220178,-0.00889482183619224,-0.00903340365051999,0.0101016021276917,0,-0.0152692963323037,-0.0161380598114165,-0.0311183206489527,-0.021820400133865,-0.0162407358646536,-0.0150335518993757
"1409","95559",-0.000211193555675528,0.0188535067007956,0.0362691966205102,-0.00561676539578999,-0.00810581999130567,-0.00993913537598333,-0.00467942563215423,-0.00696649329768084,-0.00580225847330952,-0.0117782419961277,-0.00517643614743527,-0.0302370265247337,-0.0130861642477777,9.12349699863038e-05,-0.011850551272071,0.00490584936491882,-0.0095887259512976,-0.0160919093643267,-0.0232291643254193,-0.0166145245915407,-0.0329715968609383,-0.000110466959324405,0.0369125426258135,-0.0417139089026456,0.000193542912348864,0.00206404424553242,0.0347147255228027
"1410","95560",-0.0505296219218118,-0.0400775159964389,0,0.0356740608986281,0.0884867765460989,0.210697357795332,0.0200295301039926,0.0410633109088748,0.122446578658861,0.0749105948520992,0.30289914296129,-0.0365737873686907,0.0231643228175638,0.123371015478982,-0.0450783540706404,-0.00678456931137037,0.0396743501296193,-0.0668996591519724,-0.0663356391007078,-0.107303823606744,-0.182981409115794,-0.0379694224429433,-0.0700003098649108,-0.0735750679074759,0.00883139124718088,0.0061713233710464,0.025259059589297
"1411","95562",-0.102622568523798,0.0469846362278438,-0.294311949764172,-0.143476327074776,-0.0559148284403274,0.0369455250190223,-0.043015719913572,-0.0237562643530405,0.114730798519915,0.0512711074002421,0.205757528531711,0.896864427010304,0.0278795667621868,0.227292910497909,0.473655274056284,-0.00540039704784749,0.121209968048928,0.369799104090362,-0.0992886540597472,0,0,-0.0566969847887528,-0.0182884526187742,0,-0.0634317005872094,-0.0956911261924204,0.119642567681824
"1412","95563",-0.063980923243549,-0.0365599857303654,-0.0194999530083622,-0.0563594318356603,-0.0646268885691426,-0.0578052947717337,0.00612919538668912,-0.0555629903428827,-0.0574995499679467,-0.0415604369489971,-0.029590300937025,-0.059382875378982,0.0494881824647058,0.0557447726924605,-0.0353056848891583,0.0465196969917932,0.0613937462703869,0.0834151907178205,-0.0341055374913181,-0.0615558870070725,0,-0.0302372389363294,-0.0714221801319616,-0.159596052443186,-0.0155974149204654,0.00692410609545539,0.0732454686153071
"1413","95564",0.0330310056198454,0.00867867677546606,0.0244654575871732,0.053268592858149,0.0623257003991222,-0.0222691269107811,0.0180764300341756,0.0499843770506756,0.166246747206221,0.172727919609101,-0.0388110861785755,-0.0174817811912897,0.0585345271503161,-0.0428406172988071,-0.0399006982935708,0.0454891019957498,-0.00233135125872808,-0.042473997772064,0.0521212860801671,0,0,0.0344926441127024,-0.0175281127544119,0,0.00518491990290344,-0.0186758733588406,0
"1414","95565",0.0346577942610539,-0.0159016455395982,0.0258608961604763,0.0292864306444429,-0.0394581299805314,-0.0287756346671053,0.0428161392924869,0.0369836079384397,0.137567481706176,0.0351499863678695,-0.0183952026739459,-0.0133774409583409,0.0238667259413878,-0.00173721218817843,-0.00749720151023131,0.00937992880150509,0.0544171154737833,-0.00752320209133035,0.107577667548226,0,0,0.019475318348836,-0.0437470924331989,0,0.0192047307807661,0.0114233029654386,-0.0259857451710486
"1415","95567",-0.137385499409831,-0.110329383663481,-0.0843926463228071,0.00762398205411314,0.0215206216784433,0.0641625368935987,-0.00747601463697851,0.0263010110791081,0.0485776280158982,-0.0819154162789837,0.0204793558916569,0.406542093461243,-0.0377983839324803,-0.0183623127304636,-0.0283414850467456,-0.00574524963968194,-0.0550130007858299,-0.0341291356498023,0.0512271537232944,0.533098026696784,0,-0.00234422799600927,0.15642412455565,-0.145470872752753,-0.0216725535210467,0.0246117454845015,-0.149825743866419
"1416","95568",0.00273645942716248,0.0212707958241037,0,8.7593474107043e-05,-0.00507653048079237,-0.00798083409367675,0.00340442061821483,-0.00111733244255408,-0.00334166043259915,0.00265728476164204,0.0136175223484902,0.00465627591577953,0.00387100595109144,0.0166995306325246,0.00657782577160797,-0.000945165090372551,0.00395462001349264,0.00227259913055799,0.00368571063072706,0.0105766978678545,0,-0.00195551687661242,-0.00778793205970504,-0.0116637227586906,-0.00864832097522264,-0.00826070550612335,-0.00838460791855418
"1417","95569",0.00163122278361704,0.020433685202765,0.0361790292862458,-0.00725765346777655,-0.0138053571842596,-0.00729918260936981,0.0127654896152542,0.0238344712254217,0.0548219114241187,-0.00621188353297077,0.0038229603013141,-0.00839303663327851,0.0175983859973954,0.00647274706083438,-0.00720412167494053,0.00216901034868136,-0.0132755823372206,-0.0138764271269453,-0.00509936851744049,0.0110106653046732,0,-0.0104227598879054,-0.0123555663599616,-0.0261333737869511,-0.0142000010547911,-0.0100996550749566,-0.0136790911848559
"1418","95570",0.0935459841223388,0.0469072214397983,-0.123584782888348,0.0544690521139878,-0.0446376138753008,-0.126888685529126,-0.0170330339586101,-0.012577645520127,-0.00101289579109068,0.0563255784074325,-0.130135313375117,-0.148314026514608,0.0789057074706084,-0.0359657620518902,0.124038081277031,0.0310463245942576,0.0174648623213216,0.0192247722147063,-0.0116575119928797,0.216777791546621,0,-0.0230085148561755,-0.0935511697834562,0,-0.0012774761870155,0.020607367375897,-0.130279178394032
"1419","95571",-0.0124664475714105,0.0095992538608151,0.0346806366841578,-0.00918668422658558,-0.0149367364506517,-0.015738927616054,-0.00256623836160868,-0.00648209272727923,-0.00721536388386053,-0.0127605215028399,0.00608016717113478,-0.00307016675814879,0.0250660629907985,-0.000806045858522761,-0.00100005478278641,0.0106173529514409,-0.00713715848084242,-0.00865582927256862,-0.004745025896295,0.000747200113716435,-0.00729298533785705,-0.00882751762153916,-0.015845210594716,-0.0152932358887512,-0.0148667437419641,-0.0155556936188629,-0.0169119799205545
"1420","95573",0.0212600284400668,-0.101717290610739,-0.0650757452348935,0.0235175401638851,0.00388529210775682,0.0532639733676894,0.0326685516917671,-0.0189876439378358,-0.0326787312540409,0.238106156077534,0.0888265397875033,-0.100390633466273,0.172232468675194,0.150863860885347,0.138167512125394,0.110296973293219,0.0857986371303262,0.146318653504636,0.175561787243731,1.9670099707869,0,0.162044898754732,0.336936990497932,-0.0891940673558241,0.0823213785728939,0.0979177838044809,0.211021326038285
"1421","95585",-0.00219192392753017,0.0180578702677485,0,-0.0072821796445092,-0.0111566166821858,-0.0138773620919837,-0.00985288345355843,-0.0132893224101204,-0.0135825144362637,-0.00233839313981766,0.00708757002739624,-0.00378789013647943,0.0235900043199252,0.0124557515515178,0.00141822844473672,0.00801752228893025,0.000634286423238296,-0.00106211785142302,0.0422629267277422,-0.0222942725267619,-0.00656910243366386,0.0339023762072086,0.0328117625951994,0.135033233050365,0.0216763094728678,0.0659081017011397,0.0837064827818297
"1422","95587",-0.00109563085739433,0.0172954433117741,0.0318122686938617,-0.00275537814987956,-0.00818726722218863,-0.011866658230202,0.000855693423809276,-0.00360344249907032,-0.00612786465422967,-0.00311580661996137,0.000664223829671255,0,-0.000130833744605378,0.0116538543416501,0.00112687939591506,-0.00301272492596777,0.000707587431678538,0.000193966622717044,-0.00801259714317134,0.00347188586418905,-0.0142854693260956,-0.0143084921876244,-0.0208979058804261,-0.0258888324759932,-0.00593956719638711,-0.0199256488307996,-0.0238886498925615
"1423","95589",0.0365382547458714,-0.0294608312594485,0.0206655970438605,0.0526607185734347,0.00971292739749815,-0.0468836507480353,0.0142521551292614,-0.0108121152925804,0.0173071334368145,0.110616609761212,0.252327095232776,0,0.0348826614743471,0.110514994949714,-0.0363128068121072,0.0191747660934581,0.0852640046395808,0.0495692440818786,0.0319024576708025,-0.0192940532502376,-0.04083317169306,0.0210775851266585,-0.04096789713467,-0.0391782795660966,0.00793446765017975,-0.000176919327114136,0.0705123829302419
"1424","95595",0.00209340940508613,0.0216474949817682,0.0367150204941513,-0.00295387584589645,-0.00577080203734413,-0.00715126054451411,0.0157349202037171,0.0221038809896606,0.0432438836997594,-0.00496400540547911,0.0124789707035648,0.0029900853903979,-0.00627559359499781,0.00786135549693286,0.00171399438210557,-0.006406489140811,-0.00553829701388655,-0.00921878498468426,-0.0126370869162324,-0.00207043985880519,-0.00484876251639589,0.0211528181582719,-0.026213455061143,-0.0290591176069828,0.00362844029096276,0.0139070200539688,-0.0261846094672539
"1425","95601",-0.00386049551386791,0.0189012672544359,0.0350613674703366,-0.00908199195783732,-0.0132330135199034,-0.013907374016781,-0.0127055588674799,-0.0127112957653826,-0.0128480092885273,-0.00315302840197673,0.00854466132284185,0.00135957087695868,-0.00749232963738591,0.00351468212684236,-0.00634034977414911,-0.0117945906487542,-0.0064669404365991,-0.0078288531158202,0.0510445558310721,-0.0606923064498748,0,0.00581619028448051,-0.0371925554713705,-0.0371797557773066,0.00934436117335411,-0.00130602586767902,0.0204838522385383
"1426","95602",0.903720914755592,0.875639406130742,-0.0577314351837875,0.442930239695748,0.388320594906232,0.228697306702919,0.174297123984912,0.22517263554488,0.33856251056588,0.139651201535558,1.02749622183654,0.996687040528929,0.107814860101471,0.237486972722928,0.13381373813833,0.100642034159915,0.312658341511416,0.269415382464697,0.838850493761182,0.879831420211395,0.433876703610181,0.373595476455854,0.441696791044164,0.278422993076406,0.0632665273835509,0.0889246471880694,-0.192458936021197
"1427","95603",0.155894190246329,0.76637422359891,0.93383068839886,0.0481418408560363,0.0570639048059414,0.421252650277444,-0.031074552056839,-0.104041171414909,-0.0302404258724695,-0.387216870406862,-0.568620704012826,-0.632267632936233,-0.0524505861813339,0.0363397043412927,-0.00207334805340715,0.026824714082443,-0.149931125182783,0.033196660789077,-0.0274427427185179,1.25696405006997,0.773804610743163,0.119802057299401,1.13393067468429,-0.168398539903959,0.0542089684669703,0.22591470553698,0.0576871998946656
"1428","95604",-0.14386797192155,-0.0732677121225638,-0.0546603082453311,-0.031969587086693,-0.0901119284962019,-0.147367288894522,0.0215824599997025,-0.0605829190915958,0.00888833151117509,0.005488650601887,-0.0715628229818875,-0.0973945254925562,-0.0272608598864777,-0.113351776423561,-0.0983962208044016,-0.0632366424504356,-0.0817913855691628,-0.0735160022270487,-0.0469273800928923,-0.0795459060578277,0,-0.0451276861474835,-0.0446718083909447,-0.111072047659434,-0.0317333091560806,-0.0440921120031441,-0.117889399383541
"1429","95605",0.171057414289725,0.553022145587301,0.925696788664927,-0.0133374692261564,0.0451765742462814,0.307622359691916,-0.090118431920795,-0.00672054707989143,0.138395427260983,0.30530324269178,0.841612981392922,0.401089853289822,0.018246752210834,0.344071013380699,0.405360656462057,-0.0738659556798675,-0.0424126096801014,0.126624906830545,-0.50545766123103,-0.299096279154893,-0.498715813107622,-0.14381627984034,0.179622091964512,0.337161868834151,-0.115115927015239,-0.117750028744258,0.00484646046120728
"1430","95606",0.000664725467946081,0.0196742123901394,0.0370723479660883,-0.00403253786483183,-0.0078181254071248,-0.0105652562308443,-0.00210994821869882,-0.00554996458756062,-0.0067665006894339,0.00257078879878556,0.0139517421966359,0.00443382202208813,0.0287683678026595,0.0746921178489972,0.00544690862361246,0.013017352839465,0.0276057955920674,-0.000423734650931069,-0.0312301732408268,-0.029081359371454,-0.00355613349008436,-0.0225398723764889,-0.0242541430588057,-0.0125745778207869,0.02534516230639,0.00278677510739444,0.0242486890632303
"1431","95607",0.0569523607216573,0.0141908445688507,0.0284722671772388,0.0321062137424681,-0.024227919867115,-0.0198406422243786,0.0549414969482141,0.0606689945298088,-0.029437866461493,-0.00961780069229743,0.00494965754151479,-0.0052370605097087,-0.0107239140901024,0.00103967907553789,-0.0109974492928051,-0.00491438238554937,-0.0112328186634087,-0.0121941325008317,-0.0294956664364406,-0.0145413087569023,0,-0.0286998649264636,-0.0294437401970932,-0.0359272034860891,-0.0324273990515599,-0.0273044456663862,-0.0308716545131491
"1432","95608",-0.770835080811663,-1.1021334109574,-1.66371789078718,-0.463501857957501,-0.589106257057284,-1.31058705948298,-0.546312767210406,-0.34854189474085,-0.614773800347176,-0.386707094865493,-0.127046059090291,-0.839750324667099,0.121854996866528,-0.222329719661723,-0.18920648318913,0.0073913580223314,-0.0106738381376672,-0.0647424152393865,-0.372434576533001,0.544519110557011,-0.214529609610419,-0.168317943771714,-0.0157502034908467,0.0486527861583347,-0.108689671798074,-0.301980564836595,-0.452229129721768
"1433","95610",-0.221562168680899,-0.783341346841324,-1.54043164260009,-0.137601015013322,-0.0408635216365519,-0.301511067976825,-0.246774809038875,-0.118051753694949,-0.143850152801739,-0.396510766757946,-0.539887402943761,-0.482317966955039,0.0121174751958919,-0.471178255676376,-0.479112174219404,-0.175840308507892,-0.0875437128583144,-0.362229423368935,-0.0881365038449635,-0.567993738057966,-1.08388454977477,-0.0224354790632722,-0.166358470081797,1.15626736977374,0.262000777463866,0.142820957628696,-0.102827971020117
"1434","95612",-0.0257238674512571,-0.0115441025281981,0.0155317046196028,-0.016800833522115,-0.0385349677818666,-0.0338392315984241,-0.0283380675471889,-0.0400671508450737,-0.0318547458230332,0.0286382185653434,-0.0194806970248759,-0.0178349329109793,-0.0221199345531074,-0.0409954446684033,-0.0548393082479214,-0.0245428130094695,-0.0476935472159381,-0.0472137483733409,0.00856907626485569,-0.0272713585045292,-0.012219413237008,0.0253100728467092,0.00842343291866569,-0.0584809379667923,0.0249003846076152,0.0260077875562619,0.0114314094015104
"1435","95614",0.0719827878461789,0.274255000853506,0.573514540624265,-0.0252748939432987,0.005244307301322,0.153047250033654,-0.0191853734371103,0.00191127281758819,0.074251919430876,0.0698419158137002,0.145020232712709,0.282446331469342,0.0107714397600668,0.12920954746823,0.210815471556247,-0.0473709633587543,-0.0240956983938702,0.0452327797736347,0.170879303409988,0.590224608717175,0.761759849919672,-0.0134232401865466,0.0418372951079293,0.186956453408897,0.0598258861358808,0.114521558810315,0.166723088753768
"1436","95615",0.105690287032466,0.499716235826923,0.426438722825626,0.0244380554142315,0.0690369420172025,0.189630700188918,0.00406798330948275,0.0239539517729152,0.074696820472845,0.103728712656234,0.274951406480514,0.378654970181367,0.0300934860625187,0.102737149869638,0.134462749611589,0.00378712853070722,0.0410563282761464,0.070379181490219,-0.0541004984924322,-0.0612671688882475,0,-0.0480691448704519,-0.0556569069641372,-0.0493906001887104,-0.0202777352095753,-0.017315417680791,-0.051231074270885
"1437","95616",-0.0793497959502976,0.452769636578238,0.149891013110047,-0.0943247266171284,-0.305348780978502,0.14101719842095,-0.121620458695754,-0.216329421497555,-0.107797149359235,-0.561506264675205,-0.726516746805921,-0.366399512448644,-0.531162510152484,-0.556438614042646,-0.18448346076608,-0.223112609846533,-0.197895728330296,-0.310912408351553,-0.172232848555922,-0.835165391670357,0,-0.00630060594102688,0.479902471947205,0.95584112434197,-0.113372768805409,0.167924743691071,0.746993144457818
"1438","95618",-0.0412351454040729,-0.177307707421197,-0.172337507786988,0.0109242287334663,0.157600995630118,0.0586851668332302,0.040657296683653,0.143549075107908,0.153938941944783,-0.0797629887936467,-0.11769937566871,-0.168753197972023,0.0475442470907404,0.202144719718398,-0.0879697605204611,-0.0119851739578657,0.151473143136555,-0.0901166622369524,0.035384651660286,-0.0487023882678401,0,0.0531121689023851,-0.00221469557302391,-0.136054370840425,-0.0638275651794407,-0.0348856726369266,-0.0777690622928047
"1439","95619",-0.310754719512398,-0.377377604989311,-0.351341987569179,0.00599914847272719,-0.0235499779445528,-0.061597579245866,-0.0100248332799976,-0.0647074420466292,-0.0822476374434308,-0.0939012526413846,0.001517947647716,-0.0958534932779932,-0.116948278219488,-0.206689357765089,-0.240441092516921,-0.104570867816528,-0.111357432993034,-0.211691575720098,-0.0348543533470321,-0.167051749563022,0,0.0256080426029627,0.0371289168586456,0.134476670991451,-0.0167320791089722,0.105782699016794,0.0807638741702923
"1440","95620",-0.0345849814545976,-0.0854611833848085,-0.0617169267044695,-0.0865728067037179,-0.0868595636227194,0.088196850924733,-0.150219179836799,-0.160784990721213,-0.136131904127994,-0.0156237312925478,-0.0879678976400571,-0.0956821268153634,0.107183403116323,0.0372516228211367,-0.0926732317627159,-0.00297241270747148,-0.0197034688192673,-0.226409484990722,-0.321096555672611,-0.0464742744962008,0,-0.400539645915155,-0.486039533295532,-0.532112127215689,-0.112280198725796,-0.228487767998837,-0.0209999336270013
"1441","95621",0.320635401294589,-1.21147661839872,-0.645773209650197,0.48310419475402,0.466011270414316,-0.0950391494397632,0.229524156411526,0.467943496976713,0.507741991112202,0.674945224929353,-0.0762209889457519,0.100706113397936,0.247428612679159,0.0313196481268389,0.254305691055339,0.0906211847015567,-0.141818720426473,-0.208213584782733,-0.0958781487562319,0.827919230584935,-1.88961398558747,-0.064110969618946,0.304757931525401,0.237791172794892,-0.167860161017771,-0.182209296007473,-0.0865199380484447
"1442","95623",0.0751282753446168,-0.0975687444386217,0.165241441287045,0.078061150902235,-0.0788138261894438,-0.144146826181468,-0.024951951902424,0.00882683505168036,-0.0420185910495398,0.0407479054050466,0.048830606839998,0.00246785380899075,0.0448080844557322,0.0377306050921414,-0.0742614619580248,0.0266810430205082,0.0223104712864314,-0.0234395841909194,0.167842179275089,-0.27680436603056,0,0.0117323973578727,-0.239734196129157,-0.239904552774608,0.0110877780800337,-0.0313817760161464,-0.0779883249626842
"1443","95624",-0.758069306481561,-0.926332976987054,-0.626252207225455,-0.426084103788973,-0.155212906323746,-0.536649550313894,-0.0878830898087646,0.0389333026168994,0.0772455832921624,-0.182560670412133,0.170079883768083,-0.616274786640284,0.00548070835405717,-0.0238587602131604,0.0823542038845552,-0.011089403356897,0.0899320806319824,0.0548591290290135,-0.183522156331729,0.221746500126165,0,0.123645537286338,0.453169876786983,-0.980204849583991,-0.177495444960972,0.229800028993025,0.0392210303705415
"1444","95625",-0.00472398968530778,0.0141067573591629,0.0343941112268453,-0.0203807909049029,-0.0222595933477956,-0.023302919560057,-0.0151517995121249,-0.0163441154808505,-0.0167768167587754,-0.00351218673065218,0.00861807495786835,0.000958401581893203,0.0155236040571641,0.00835181013350138,0.00100646300983999,0.0143588546286939,0.018979261228653,-0.00611935707650462,-0.0481661792864043,-0.0658183466696906,-0.0814476335606636,-0.0332135287735541,-0.0417108813992441,-0.0384688098215644,-0.0371923757329086,-0.0410730356821882,-0.044228486574818
"1445","95626",0.00683228245896905,0.0489975103223776,0.00124906359270867,-0.00556731730853136,0.0420321170616579,-0.0391054902909925,-0.0109289750070352,0.0545511973381212,0.154969809889965,0.203380475184642,0.514131256422624,0.678962164415737,-0.0376054521710309,0.197312674796999,0.112959993455069,0.0593642338337932,0.0882527891463183,0.126046245253927,0.355554301729876,0.731974231038462,0.518127568673429,0.15429051414247,0.280871955190109,0.215848121123708,0.0862933131099869,0.0663780350954818,0.0248969359632751
"1446","95627",-0.0521804181430734,-0.0945933577154916,-0.0762980894604335,-0.0322166771156504,-0.142662486666166,-0.13050029839763,-0.0487464004800315,-0.0419850824834674,-0.0734649810436235,-0.0915108805185067,-0.0822077366171923,-0.100871834957777,-0.05751986764674,-0.106544457059033,-0.115501390205462,-0.0661237102788204,-0.0367261183650359,-0.0814011677462637,0.0501097746264772,0.403510597560068,0,0.042060709698617,0.21547504081862,-0.00436358981541937,0.00450554481154316,0.0935170349836319,0.13865978447196
"1447","95628",-0.150316602916696,-0.357120309240881,-0.184344277662242,-0.318745966188589,0.0277716617512061,0.133872953481006,-0.302274665778892,-0.301043202022209,-0.127617811319395,0.527223890989037,0.746271702660148,-0.284085202697675,-0.0204139511707139,0.144462036196045,-0.541213749915475,-0.0757655736358744,-0.178791167152824,-0.0658500937826111,-0.0310678513091128,0.244406250693544,1.21064245822752,0.0529500239432445,0.463131661083916,0.314043318962342,0.108258864864165,0.333026803494251,0.296851224657721
"1448","95629",0.0133950004095596,-0.0477826196025004,-0.00207329605790815,-0.00139548960506425,0.0312885488585227,-0.0650855935179035,0.00683109841919286,0.0299117197473767,-0.0288634965046746,0.00848658602587649,-0.0492677781140553,-0.0413715463125355,0.0645369586271986,0.107364521373287,0.0348339332083429,0.0391658870974217,0.043317380860288,0.0630452951086665,0.068139245296165,-0.0169244459812477,-0.0282116972096523,0.0252377229389836,0.0613893468201481,-0.103282979027953,0.00896769117978478,-0.0149493942289232,-0.0802236244148029
"1449","95630",-0.456056259377689,0.229834965250871,-0.555804417436601,-0.270206161311838,-0.171074730711926,-0.270261312361236,-0.268881684694418,-0.208356918182579,0.0905422547623997,-0.0973203709730977,-0.29560281022864,-0.331895141964552,0.267284211831756,-0.0425511070157125,-0.0499002815164515,0.218695626370353,0.176025816238587,0.171634380552088,-0.0286221279969531,-0.478492560820485,-1.85000536644494,-0.175977201198869,-0.000723455526129855,1.32543497186462,-0.331440656795838,-0.358370722693133,-0.0948336184386153
"1450","95631",0.226449849607618,0.515380621298767,0.99683075034948,0.0945095559793572,0.271577430599949,0.46989686984395,0.0315174829541534,0.0704283523719386,0.117302692234559,-0.0155458414210647,-0.0471815340963903,-0.332680796312112,0.0611959335003109,-0.105269365054807,-0.283731422106292,-0.00614165184240104,-0.0139257040980087,-0.0244934101579838,-0.0529456578760961,-0.0261003413471173,-0.309758784292484,0.0322647775149073,0.000871504869168455,-0.0564897774675136,0.0642291988317159,-0.0203925280061657,-0.00722502348743909
"1451","95632",0.26990660734885,1.06150027154874,1.13799574688428,-0.00576671186349305,0.0229459401171768,0.172544311275492,0.0831483070018335,0.0944173161216516,0.098723439778886,-0.297139748646882,-0.0321840986503844,0.351587048610499,-0.0903987152649179,-0.190393876469262,-0.425249762215483,-0.0707857557651957,-0.0163805296713169,-0.0415723462252822,0.485891529914432,-0.485895081196175,0,0.145788817885315,-0.39637769004235,1.83394768373322,0.184942632703155,0.00269790777680483,-0.0287585694935165
"1452","95633",-0.0809454386590135,0.103941400885321,0.105381513142048,-0.0275283440576625,-0.0711716491558361,0.121430053639928,0.0730945373334389,0.191469785322676,0.0319865297498337,-0.132852396671709,0.0259860670435176,0.365518712129837,-0.0886515139833371,-0.141838277394375,-0.0771741410312732,0.049267791486223,-0.0659486126032726,-0.0270152962142942,0.105149081290952,-0.153661301878491,-0.142410633019676,-0.0110549178384731,0.0710284415155261,0.0868962869487661,-0.071149096923804,-0.063675836562235,0.0591579535860068
"1453","95634",-0.0895130747969548,-0.155170116264621,-0.126719719942345,-0.0759206890416412,-0.0616407333538492,-0.0431497050576432,-0.0961973063390322,-0.0815305274198389,-0.0907558982935838,-0.0287284039811858,0.113596953008985,-0.223119962063834,0.0276242217688806,0.0653497282111514,-0.0731432873314103,0.0159396050878135,0.00987535012886413,-0.0560751163382372,-0.12963969667326,-0.135731060594077,0,-0.105790097194361,-0.0820495957091522,0.112315801720236,-0.0181185017433773,-0.13437577531347,-0.110041552754578
"1454","95635",-0.0472998592726781,-0.0309398209171976,-0.0218048815103911,0.00143974366328925,-0.00898417225702015,0.0354942548480579,-0.00285966180345488,0.0169418980767841,0.0572624611561277,-0.0529806878792599,-0.0289659378200639,-0.0407106781027959,0.0190285635806068,0.0146402607723226,0.0462834428141366,-0.00882951377038964,0.0153576274139975,0.0431351667860353,0.00809129286888188,0.22927628448342,-0.0160767943877631,-0.045708023311589,-0.000734312552568337,-0.0794876909317198,-0.0395043293938343,-0.0415627968457232,-0.0865858177996932
"1455","95636",0.033771337528649,0.14435207368673,0.0204875527337709,0.0136117341203274,0.0519823572762058,0.135493032620581,-0.0195701004166669,-0.00687450794818101,0.0162835257272976,0.0153983651599523,0.0900234679157453,-0.0216667346991427,0.0035151635218054,0.0903950353500779,0.076111211708154,-0.0179563810989138,-0.010099875900186,0.0255084302508698,-0.0115787863545921,-0.0393405293508251,-0.0833073223238525,-0.0518941443297301,-0.0028448887721934,-0.0859900217829204,-0.0561023098149135,-0.0157952473444007,0.0276974589220473
"1456","95637",0.0460697920136307,0.205304560570851,0.0276476664603652,0.000141172384580571,0.0212214448419148,0.0848712635217169,0.0242791333124428,0.0428839307276557,0.0384284606735791,-0.0282268702883859,-0.0031739204356221,-0.0102274068685746,0.00192726430586682,-0.0125553528239081,-0.0214580165809214,-0.00125155228041497,-0.000206180446915978,0.012179004008139,0.108831081954107,0.00583468022250854,0,0.0347118774577873,0.0455486601399446,-0.0540052370753705,0.0199411639221293,0.0259483116954778,-0.0250632298009522
"1457","95638",-0.137780288661494,-0.218626880248084,-0.247581708271777,-0.0389867205758909,0.0631855482893473,0.126866384948047,0.0198710471570758,0.000872962324441772,0.065882363671981,0.0521067174156032,0.204517933699571,0.343867938850239,0.0197182652764887,0.117390520180188,0.0619898168889355,0.0284654083839375,0.0501298517817327,0.0761933740365385,0.219481261059571,0.333536190577234,0,0.0709297384851865,0.0723120880366875,-0.0438436831107921,0.0123415489322665,0.0285808577645485,0.0930487808749055
"1458","95639",0.0328148813328813,-0.0322731184526945,-0.0288572841314695,0.0209287538003283,-0.0419443947565003,-0.0474081881822483,0.0321146134760463,-0.00840698602919794,0.0166607814723467,-0.0615842947011756,-0.0602515604676689,-0.0663586520620458,-0.0187631842609555,-0.0449288352086568,-0.0578863629648675,0.00120382560090144,-0.0411771368999009,-0.047691920507847,-0.0316568993068177,0.00429088852719349,0,-0.0310390889903173,-0.0321138446547846,-0.0140592908933062,-0.0362685765785983,-0.0375011792086048,-0.0370926822107866
"1459","95640",0.221024555208666,0.275861043388985,-0.00966365663933747,-0.00740578656807967,0.293593623137348,0.164551822142549,-0.0403107571705792,0.0928446712512295,0.0276866109784957,0.033890149898164,0.231081928604447,0.00777229739396677,0.0354028440601399,0.0906655349482698,0.0428751207262881,0.085024441257577,0.240099400369845,0.0644042974429798,-0.0325692946380705,-0.432711575932076,-0.401451983332075,0.130274861612801,0.0933466506624425,0.285990293123238,0.0171956479002789,-0.121704713757337,0.379294284510352
"1460","95641",-0.0382382176889566,-0.139818408521752,-0.0917107425861361,-0.0753881143223673,-0.174411215737309,-0.172339735363468,-0.00248819572773654,-0.0354150936681373,-0.0769001534123377,-0.0374414078371216,-0.0537999193473109,-0.0211148929385824,0.0109491622596012,-0.101999468631044,-0.0891546929123765,0.0498113307855997,-0.016732441323083,-0.0963663670420683,-0.19388063851242,-0.157506191544616,-0.186046698209076,-0.0995172126433328,-0.0715977199818733,0.0901605215965139,-0.0862093260985511,-0.0953533938296171,-0.00580171231848101
"1461","95642",-0.276954450398406,-0.0769980031883149,-0.631325357670101,-0.183938647031483,-0.240297342395734,-0.216317082000236,-0.0773048351876936,-0.130466388281311,-0.154259120151757,0.0151418494614985,-0.0432363655972049,-0.206444698392485,-0.15371763932601,-0.119524052401582,-0.130131882630714,0.0224366672204855,-0.0620814339921351,-0.125710387593937,0.144690154230792,-0.467278762601561,0,0.0100781564780671,-0.124842625866073,-0.239591853269744,-0.0268465196232123,0.0264023202947722,0.000785447217439897
"1462","95645",-0.0107879361602964,-0.0456205925012118,-0.0215652924185088,0.029509232271924,-0.0325646217559384,-0.0767633427194829,0.00235959500696285,0.0127367458556796,-0.0730460446192255,-0.070769051330023,-0.0525871226611734,-0.0570883871579699,-0.00319619055739098,-0.0599855300619418,-0.0615528435754056,-0.0190924531812838,0.00627904063124711,-0.0713028612087899,-0.0252963518702725,-0.0963802547814763,0,0.0235706630592158,-0.116335264854386,-0.14345528065406,-0.0226244855604946,-0.0594467819601539,-0.0165396161499528
"1463","95646",0.00216186881759378,0.0201879483502929,0.0367388323638468,-0.00158847719900631,-0.00692827027162476,-0.0105759642856431,0.00234115142274038,-0.00275374745336367,-0.00542133996030522,0.000521909643146673,0.0128164634916113,0,0.00426422637133768,0.0169201807977337,0.00634759679833735,0.00020642934588312,0.0054324248915213,0.00365822676996345,0.00265813423103209,0.00906871267610176,-0.00508016224697682,0.019623729417528,-0.00951487393273729,-0.0150254943809288,0.0182756352093418,0.0140693946020073,-0.0107386707042649
"1464","95648",-0.201111271915696,-0.548186203756018,-1.51863909137821,0.027836659367214,0.27590119590527,-0.01243380043549,0.202492475625805,0.29697274890294,0.138703510016468,0.0298223796401903,-0.984367875175885,-0.986899166555545,0.353928514421022,0.186159669950311,-0.374326105238042,0.309327824789141,0.237215564418504,0.260250586667123,0.171949010490931,-0.206015181204429,0.552066398868247,0.0436039429630188,-0.38169005061118,-0.413516666872356,-0.0732031247002058,-0.0704735067307495,0.160169909450004
"1465","95650",0.163798545289095,0.305037586265638,1.43739562529709,0.0950777302755363,0.278494269301243,0.562415045275368,0.0275744274648736,0.0721079107687387,0.0750012838741999,-0.138249992188892,-0.00166872579394321,0.195951864810648,-0.144644876616648,0.0459610920073028,-0.0670942041602773,-0.047866020145092,-0.00474995810589232,0.0527131199866329,-0.4554615520699,-0.484731603522962,-0.351746752366519,-0.309240293528365,-0.431492970706112,-0.479365422486549,-0.196563103990022,-0.228843908147336,-0.112685654031323
"1466","95651",-0.0261900174587141,-0.00377884264886853,0.0162235687890493,-0.0383548259451971,-0.0351234666326003,-0.0326665934015367,0.00499634007022209,0.000930559465001962,-0.0441332671241525,-0.0266198996336525,-0.0156114600536226,-0.0258588326728439,-0.00913424104522602,-0.0246828379943166,-0.0303100966269592,0.0233511096797158,-0.0122991739407196,0.011204391168892,-0.0279210870336836,-0.00362444263960414,-0.0212560188053379,-0.0362930441769276,-0.0389229451547863,-0.0313887715660274,-0.018736331925495,-0.0434679250515718,-0.0366450691656106
"1467","95652",0.0523735392997399,0.00552407471190833,0.0341325174015157,0.0151314616246401,0.036312417742028,0.0748922698374321,0.00446040168852472,0.0117741401727627,0.0321733556594444,0.0596471007353759,0.0128824612188652,0.00242061428418099,0.0195255917811823,0.0547007968994131,0.059675871827399,0.030485784894538,0.0214393373318975,0.0396525206125919,-0.0197523664538307,0.00468176586994058,-0.0126763689877957,0.0309043673992636,-0.0484225557732869,-0.0589049067445862,0.0017894145799767,-0.0316670797417726,-0.0270451437039493
"1468","95653",0.105992171505253,0.197716607100937,0.34900760028552,0.0255565611226133,0.0857778920055909,0.257522984677291,0.000138973253114084,0.0291903071945883,0.0730894951642697,0.0421003789796594,0.18660438037637,0.318481428284017,0.00329256039182988,0.0492204219154417,0.0944128753130548,0.0159841870214388,0.0437857460347021,0.0449500645945692,0.0331649686643925,-0.0456397503984962,0,0.0263897826571654,0.0744500551292132,0.479772595909196,-0.00716708154349116,-0.00543526340915146,0.0366423187703116
"1469","95655",-0.0119840753037743,-0.0677004935746719,-0.0623029945176964,-0.0445084982483657,-0.086398363941262,-0.0982950263867827,-0.0402875048176426,-0.047171488449618,-0.101444383764099,-0.00944875378418607,0.062766628646703,-0.10076738868973,0.0553472922046888,-0.0155769428964046,-0.0987778959215456,0.0260927205463597,0.0240068491398178,-0.0365077581207124,0.0288151558832141,-0.0243847234191243,-0.0640276136359565,0.0237972476674439,0.0198934415191095,0.133404022346054,0.0260364485643485,0.0812538481789666,0.12045794154915
"1470","95658",0.0941772234200704,0.286466359159535,0.732890158509934,0.141730609949723,0.170391932632705,0.216679262905256,0.106061067957196,0.105281939327269,0.156497597721691,-0.0623163719294188,0.316257280735959,0.54504565543,0.0890044125052255,0.0767085426550997,0.196438048822063,0.0222072370306832,0.00941504243883739,0.0971060111291776,0.0235257080577886,-0.215317881879381,0.451087812157897,0.069722637940699,-0.0338682466300377,0.162690951000804,0.00576808237756308,0.0130050680651194,0.155867204888274
"1471","95659",-0.0222852489243588,-0.00291942128354954,0.0176415627289504,-0.0061537627175287,-0.0425600675766733,-0.0393200557569168,0.0204137091060151,0.0272467099718698,0.00216640473158667,-0.0272853741116992,-0.00858883788010328,-0.0167453629796403,0.0182544148605033,-0.0249266890404465,-0.0271366197797746,-0.0225204687307511,-0.0510627799851234,-0.0467258920074868,0.0215715132763825,-0.0746410749154999,0,0.0118380309140153,0.0759857153320659,0.0779725414709775,0.0464528424763316,0.036684369384929,0.0526746430613034
"1472","95660",-0.567371592023266,-0.805894372632538,-0.812007624546784,-0.00134954180610005,-0.265682539133293,-0.40061038462237,-0.0410688011551614,-0.302342439015316,-0.265253194756752,-0.596977237258471,-0.577533593543998,-0.881561745639204,-0.12963175922923,-0.292762336784967,-0.152752857971103,-0.0475446640942305,-0.150945542179506,-0.0254691056091569,-0.683876589250967,0.567125029935507,-0.67327033012177,0.0287418425966161,0.414404073510348,0.284874256624714,0.158349143064141,0.102479765304931,-0.145632566880924
"1473","95661",0.247292795048781,0.692137686548032,1.85283270768015,-0.119693154431058,-0.215308581014202,-0.0273308583942528,0.067086766248018,0.00980720365296489,-0.091113250412996,0.127606451620073,0.16026163911006,-0.009409156380963,0.112499389506167,0.109943771782479,-0.184070966614271,0.077953022228991,-0.0319081662966885,0.136414479095498,-0.471366937844004,-1.21063453702244,-1.52201422826174,-0.102308995677265,-0.397413579386481,-0.246034695212461,-0.258514391499119,-0.101606686368503,0.155561048761307
"1474","95662",0.175247724558272,-0.0459146967369018,0.429324723456962,0.0830983542167868,-0.0243978454688704,-0.142075657564921,0.00249216103088172,-0.0543489101978027,0.018514811724115,0.138166488087103,0.0756542407905,0.176691749881091,0.15964026002783,0.034359600200994,0.244832242055431,0.218676126158418,0.0793431945599892,0.0446968294104854,0.251860265757939,0.66625576260478,0.0963397024481443,0.283587130863589,0.152463373208162,0.801091255381021,0.109601339860478,0.162487228272337,-0.0245688259473575
"1475","95663",0.0598752223138061,0.151817876587287,0.217400400867263,0.00945046678439279,0.0520400144822895,0.0201550179157185,-0.0163889490154168,-0.0297327261494587,0.00967683315289149,0.211651506082406,0.324131202897145,0.243928729561058,0.0600164394436888,0.0954272919653173,0.213080518518744,0.0330335440937608,0.0245408344105219,0.0639033521762393,-0.0300909017505969,-0.1510512968716,-0.163742849678153,0.105724786614201,0.023335346716949,-0.208349754098214,0.0316179069093766,0.079891250176183,0.0402990221114746
"1476","95664",0.0220913802534371,0.11361065895301,-0.0569610176719456,0.00798014507256497,0.0483544016470266,0.121334590641918,0.00185939448327501,0.0212773175628557,0.0573202030664935,0.0224746278591153,0.0942154631538471,0.165005392807074,0.0405636520022962,0.0692788715468471,0.129152001091679,0.0258217386234926,0.0528958859837733,0.0569322810330125,-0.0234030844500408,-0.00239476838216904,-0.0166421785457507,0.014721062070976,-0.0368922622857653,-0.0320359410849251,-0.023928519884304,-0.0229575732465963,0.00684824251033945
"1477","95665",-0.0341716247277992,-0.0151635430077693,0.314512311948214,-0.0457797275528312,0.0259161354871089,0.123541940223024,-0.134990834064928,-0.0779277157198408,-0.03811551965223,0.224337863644904,0.165802425661561,0.0751709524594699,0.0563160610831035,0.040993718556392,0.00396228324031982,-0.0385110042171264,0.0871987865505318,0.0880220774094224,-0.256822679433548,-0.346169654484646,0,-0.103216060458787,-0.338033450975566,-0.311489007435112,-0.0486936889648006,-0.231120533735732,-0.32011074412791
"1478","95666",0.0460435930677689,0.0230821920985743,0.366537025582778,-0.04656532212762,-0.0673021862253525,-0.169739734511166,-0.0322825361604508,0.00423006488998428,0.0205009031307296,-0.119617338692297,-0.113613882252951,0.00876374985979926,-0.0564932062214152,-0.0720471393892075,-0.0528302411503966,0.000107162481523982,-0.0125009911402015,0.00870760287243095,-0.0712964873355773,-0.346219968760404,0,-0.0340123029495812,-0.0348403088874746,0.322301106590964,0.027460910724342,-0.0046246277221542,0.0411291015172706
"1479","95667",-0.155552243914619,0.024140780294873,0.748500455562207,-0.20606925138718,-0.499850047413709,0.0382877325195367,0.135625696034323,0.0408580009110468,0.47296439082977,0.28847457299601,0.123779475224969,0.327360113343315,0.010515837928095,0.00129255562512642,0.554277890249835,0.0962129670135831,-0.188457683650908,0.310411811073757,0.0228428378158614,1.00998857181089,0,-0.0503393408992395,0.154532212750163,-0.444834911412334,0.00962977049425735,0.0215775378490397,-0.0783746201386344
"1480","95668",-0.0251312740720776,-0.00759950358679865,-0.00290724467995501,-0.00748287567001851,0.00717696116332443,-0.0381776387382294,0.00431974114228215,-0.0214637056125148,-0.0100099225806707,-0.0379694917074977,-0.0283822838743009,-0.0407539882440012,-0.0346255977389763,-0.0226181110909644,-0.0345049547275967,-0.0200063004280004,-0.0419670492342786,-0.0416268990670268,-0.031697485880218,-0.0132383246146115,-0.0171556793653917,0.0108346839830554,-0.0392845598974745,-0.0275415609685435,-0.0205371003183045,-0.01535777729083,0.00435868823162224
"1481","95669",-0.0726924816291634,-0.241049569357219,-0.26876436755092,0.0228612833703202,-0.0508391533019955,0.0419074861552522,0.00577475319858162,-0.0725508541653354,0.0123126527423582,-0.000321779234847958,0.250656725522726,-0.00866177460921795,-0.0670119315546616,0.0165420432891118,-0.04534098379746,-0.014664796945176,-0.0635485136845834,-0.0679803802468405,0.0330830458965663,-0.181152901476455,0,-0.0453977485602014,-0.0453134693974552,-0.16932870699412,-0.099033221575795,-0.0767265659842598,-0.163910669256535
"1482","95670",0.323919007481795,0.511877003959376,0.241985645219783,-0.288839549308041,0.511369443146425,0.281447189136441,-0.218339153957191,-0.0935594428492683,0.22506845540511,0.243591833696042,0.137648715517591,0.766095030006009,0.179231436487429,-0.191457906641398,-0.329784698903234,0.0577506555287464,-0.182845068239406,-0.201918905759015,-0.246293318012674,0.114132679075662,-2.97808738965377,0.3116189305321,0.694503115280563,0.114450036356164,0.386724725798914,0.522404867148511,0.188471940078926
"1483","95672",-0.0115531215304071,0.293900169729254,0.145201283470955,0.00246978758145565,0.0731110927617661,0.104313438512381,0.0938518671755613,-0.055808761109692,-0.0155465817575149,0.0616611357947194,0.140877888746982,0.353298404795342,0.0089041350444854,0.0143282354222563,0.111676405147568,0.0131150722394782,0.103913299587081,0.184308272120639,0.303207286294397,0.299050170721308,0.842792107912187,0.109686129140261,0.338258490448276,0.130810428051831,0.100692247739389,0.192767120581077,0.176512365830574
"1484","95673",-0.369718535985354,-0.332357370238383,-0.16564056395251,-0.163803613520479,-0.235637939979406,0.0231414192526542,-0.058608654840357,-0.0819504650934324,-0.249812985862901,0.181945395334941,0.0577832633121895,-0.535974065717847,0.12256487406185,0.158553303035274,0.119483519350652,0.149417641668843,-0.0238857682762306,0.00368664456258015,-0.0953990319078649,0.689528804534461,-1.2034114824284,-0.00296812918754782,0.37651796724098,-0.0612010778577743,0.0164571278272357,0.161394923010364,-0.286681323616616
"1485","95674",-0.0301817630526855,0.000298670878709746,0.0259866749212037,-0.0463146107881658,-0.0457144359547672,-0.0486353357686565,-0.0341869461250227,-0.0504661933082339,-0.0480328926073471,0.0344643695370545,-0.0355785827828186,-0.02754169468805,0.016077192854172,-0.0364111926402978,-0.0426485292894875,0.00896347555717476,-0.0137504117392796,-0.0412190566883862,-0.0460935523812705,-0.0289851021712025,-0.0287414109262746,-0.0176943196935102,0.0127450599614374,0.0843140019444322,-0.0270722122220981,-0.0295220951266564,-0.00478326929634751
"1486","95675",-0.0371932878570125,-0.0279381541830127,-0.0157331477382965,-0.0398180903842083,-0.0446596710297152,-0.0529134055517435,-0.0143926063306688,-0.0142793537749813,-0.0105193149666409,-0.0395563557696687,-0.0249281108064715,-0.0354728566191122,-0.0358742675308083,-0.0181608731877871,-0.0282684596293003,-0.0424930977580725,-0.03579295893402,-0.040395904427053,0.0922955000418927,-0.0198770189935724,-0.0431876695012156,0.0127718455027935,-0.0343901424365748,-0.0349089615934748,0.042651235973927,0.0372576171460971,0.00660400819413269
"1487","95677",-0.473459015760636,-0.618547299610465,-0.456868440243564,-0.0929612650065869,-0.0471394804162791,-0.159796825861055,-0.0703229974016575,-0.110752495711753,0.00890404524838078,-0.0562534733892998,-0.268038299580745,-0.30294166996507,-0.289404227505009,-0.190390528855688,-0.318004049522564,0.0147133200011541,-0.115831921670043,-0.0644665866404061,0.0381590522406304,0.23297922619698,-0.24037589373768,-0.0354582923553807,-0.317605517028463,-0.10386313221245,-0.0492835476343533,-0.0700705940927367,-0.169052791243142
"1488","95678",0.446279582869538,2.11808714701023,2.93667168913132,0.120662265676463,0.0522155780165578,0.301853077796479,-0.162348038387671,0.110852696414106,0.202834850048965,0.717562838408641,0.823219136136175,1.18209909490337,0.350707523517121,0.34290130926487,0.83718770814226,0.0883427567204632,0.00661020590593586,0.345564834984717,0.0721040138761249,0.441318093010604,0.42864850953294,-0.284759225781368,-0.28171962122731,-0.359263428422485,0.000436434569351463,0.0687430069682916,0.404365482337786
"1489","95679",-0.00289808414152431,0.0176428312626372,0.0335246242321706,0.0240516742998006,0.0486641244888448,0.101103255459825,0.0147597993119211,0.0179086568643881,0.0292733849548647,0.00103533915047278,0.0106396965448312,0.000974705564578129,0.00145379132053367,0.0153874018695224,0.00430815079892695,0.0136187424246215,0.00432098574022739,0.00119873978484592,0.00215444427924751,0.00687989728490427,0,0.0219448012419551,0.0495046810865192,-0.0450312317105767,0.019036480272374,0.0144200544370707,0.0280175706762735
"1490","95680",0.0561496170623641,-0.0328624237026968,-0.0415327308560064,0.0118790390756887,0.0390722645078686,-0.0585467323862046,0.0302654423979661,0.0334294957696306,0.0192424457950233,0.110004191255217,0.117927426914809,-0.0782052474228064,0.035577771050947,0.0288717766530696,0.042583520546639,0.0206288701873015,0.0252423379622171,0.0493256195851994,-0.0175517978628423,-0.0012071647192468,-0.00879146456669395,0.00715071743596727,-0.039379884572313,-0.0581148659544474,-0.00735726158112541,-0.0332780459662778,-0.040140857844394
"1491","95681",-0.10288955082604,-0.0867570851893503,-0.080118162059484,0.0126021680939966,-0.0229975610754615,-0.133609265281316,0.0114565009222667,0.00938046694253039,-0.120838426952459,-0.0531136036706123,0.0114656321881817,0.0706854366799451,0.0371219681016346,-0.000849831029363959,-0.0364149196859762,0.0803836910140188,-0.0253461535230193,0.0111129447205646,-0.0644509881444858,-0.013257427870045,-0.021586613958706,0.00651371415210843,-0.00414007623787476,0.157874160289808,-0.0225887079372651,0.00782367274026011,-0.00916092074666587
"1492","95682",0.29277021310642,0.331979049226214,0.336789543796856,0.183705775781128,0.338889118645054,0.288533495167295,0.097685032512463,0.221533343687073,0.220641318759644,0.25858710590348,0.64853474393058,0.550626594362785,-0.136419664293867,0.25116955053773,-0.140323129649717,0.112224043236514,0.125954002270515,-0.109220844208914,-0.23403073201261,-0.905315593279679,0,0.116717602983039,0.303651614308844,1.13325392431128,-0.0372570828754386,0.176630413464228,0.0369679573176673
"1493","95683",-0.0934442166813438,-0.086966392758078,-0.208287890077053,-0.0490992044557415,-0.126803879181618,-0.274191029204202,-0.131046802633823,-0.0941105718372673,-0.188180744456824,-0.29385644852254,-0.25138758341152,-0.264280213839158,-0.0775816576933795,-0.080723959710919,-0.13757878359251,-0.122739070930648,-0.0427238266210795,-0.144844817171135,0.285617252316138,0.71595709689216,0,0.0427410388551168,0.403072133009819,-0.323456712254584,-0.10933095277723,0.0957688132951515,0.0687356619317408
"1494","95684",-0.00937523742076474,0.0428516671285113,0.239027070291854,-0.108223709055382,-0.0884801006661864,-0.0800496589366728,0.00961184805978059,-0.0457102839123471,-0.053446209205963,0.00116297219005334,0.0330833224788979,0.125163687510572,0.0481828026642283,0.00918653477857564,0.118516199821312,0.0101413991998003,0.00246677788628159,0.0369899247305224,-0.0362570787371352,-0.161870730716342,0,-0.0572968076756076,0.0237671987528685,0.246274871417738,-0.0328282718381624,0.0167655476577387,0.0426214902891281
"1495","95685",0.188458093407188,0.218291298021435,0.0948499917829339,0.00307316376743394,-0.0604485408546943,-0.141456924594709,0.0225504485445067,0.0270490167265139,-0.137660945080655,-0.0144855304519244,-0.0642461586994854,-0.0201781651196088,0.103261683819508,-0.0832651594359684,-0.131911076230005,0.0901352004343872,0.0508303125996881,-0.0737913769890649,-0.0679553441513262,-0.0723800573176965,0,0.0367023141451418,0.139821483846561,0.109353204813656,0.0930459113074856,0.0633420835352442,0.0364515624893937
"1496","95686",-0.0524897994859921,7.30652649575618e-05,0.0187113060299185,0.0295126412083121,0.0584771672453113,-0.0412536332564415,0.00486305504441553,0.0166984483617598,0.096914200536523,-0.0379792213637852,-0.0197909198338107,-0.0117319994955541,-0.0436179510884361,-0.0181597517017002,-0.0207007209211343,0.0205369067082657,-0.0436459100464265,-0.0310894482948662,0.023638705908785,0.22580015963164,0.952447497230167,0.00479584286635627,0.0650762594202011,0.948364848265853,0.00568346247316303,0.0259392016914182,0.0723484124384574
"1497","95687",0.322418533502177,1.33138399773728,2.66000733378298,-0.0547437261769007,-0.0471769579361169,0.755959131035553,-0.119881494360204,-0.0217819447203745,0.256143653415165,0.867324679818856,1.69096193739317,1.67523182448694,0.493904413066946,0.958090269845465,1.44505672330104,0.0364476706798971,0.246612001244319,0.694029062524814,-0.128780432541962,1.54071765116391,-0.347692436402572,0.126825803419144,0.563112077762048,0.172760912502735,0.0614286653112909,0.0975133245263173,0.308924065212756
"1498","95688",-0.179897072170129,0.0804743672609896,1.34058422715623,0.200203214095212,0.202196494488558,1.06722910131296,-0.0783889188151759,0.200123597185013,0.16294315484186,0.214722034134155,-0.623073903080471,-0.167885107663156,-0.0828339234093777,0.171170572742451,0.657479639808315,-0.0982763513478498,-0.037655638796539,0.279837032319421,-0.00663469512778149,-0.0136787123215453,0.280140210758002,0.439811015767522,0.0482274472330019,0.30565638410607,0.203350247039606,0.180742070055274,0.459933183754038
"1499","95689",0.0154457881410052,0.200514802011121,0.14866819951328,0.00100004702339127,0.0158052870592966,-0.0820290425480781,0.0178046490515957,0.0310794465026515,0.0537385522865532,0.135476701054432,0.120898334932666,0.369678931896156,0.086426493692247,0.0844079117120893,0.0302028730021562,0.0152684913720353,0.0493815548489955,0.126574408285126,-0.033860168618138,-0.154661906598904,-0.189355149676783,-0.0122635001014745,-0.0895469867625432,-0.100875724569175,0.00446242069907361,-0.0259070933645906,-0.0820712856893869
"1500","95690",0.0199825184415082,-0.0721470576273235,-0.0519390083256182,0.0813485250534191,0.146944241857427,0.128647256151669,0.0378767303164138,0.0999498901446717,0.103755695146959,0.0266954247341708,-0.0775420061813236,-0.0751417158148656,0.0274263109753294,0.0452993930705069,-0.0159847500087424,0.0151163830718511,0.0409213611047658,0.0238495475253827,0.130644293511021,0.300305587781618,-0.301250300087418,-0.00154596394384756,0.0955779741889269,-0.200336347762608,-0.0149821106040074,0.0125864315486247,0.0692464863131811
"1501","95691",-0.0696147200837084,0.0632281323850809,-0.381299342480031,-0.141874613861075,-0.173523671726472,0.536648770523922,-0.0113155218301845,0.00925009695605086,-0.032019015477614,-0.13365466638017,-0.347135984544761,-0.0323846464875619,-0.190300937106257,-0.153493154332786,-0.603330264241366,0.050556697812203,0.0107114523380774,-0.401468329017317,-0.133120899466825,-0.488467313391972,0,0.172951882790826,1.05563403231981,1.70736725759929,0.15025982218943,0.766896018521662,1.05818621856635
"1502","95692",-0.0587448076685125,0.0456698840151278,0.107392034596841,0.0865737292058389,0.127640140316069,0.202561569102371,-0.0456489856501973,0.0172761159129689,0.118975670448796,-0.000260602074815986,-0.171850886600097,-0.366330980731026,0.00896783710856957,0.0885248321492974,-0.192008876076887,-0.0842363707244157,0.0231469829067387,0.0445046551093147,-0.0482151507151519,0.279774975207458,0.292476871332099,-0.110322327097498,-0.0122012177713946,-0.0621051786658825,-0.101993138962663,-0.181063082438918,-0.207527274731133
"1503","95693",-0.0640317175750432,-0.280513131531303,-0.265214659931063,-0.143418444343511,-0.160556933190765,-0.25674168380286,-0.138136410937732,-0.168648371648022,-0.195278239541183,-0.110005698409063,0.0608782045628344,0.0183670516304882,-0.135631009937801,-0.144056732712902,-0.0995783730691259,-0.15129621133691,-0.154087544197677,-0.116366894899802,-0.280097157627258,-0.196864492092571,0,-0.179201395579726,-0.154090868118972,-0.0951049575918174,-0.187942963600334,-0.228503388118398,-0.161839592720015
"1504","95694",-0.106574169897894,0.142276035930785,0.0785945298703441,0.0168871002075868,-0.0346489900389024,-0.0889457109618227,-0.0250737254428875,-0.11236978808487,0.0571688491806662,0.192924433650602,0.110240561180861,0.0374155153602855,0.0963061861109553,0.000307361695814263,0.0558489220142669,0.101278167362622,0.0769451740599092,0.130269911527145,-0.0398913760110553,-0.144627029743133,0,-0.0439403925116209,-0.108446291382581,0.0402907185051239,0.0307362412163534,-0.142133714502173,-0.0929122926553575
"1505","95695",0.048908486513293,0.397187224897218,-0.402370259743294,-0.15229337283914,0.153566630287001,0.270669038587574,0.0219571975338992,-0.164124651434143,-0.115447493231895,0.418141554001073,0.750833526572593,1.91499921061073,0.239147979781583,0.191269880749678,0.867672451726426,0.0800545634639892,0.156000422948103,0.129555510156283,-0.183854444056346,-0.137390053206562,0,0.0437895482811536,0.385928821210952,-0.676528566199256,-0.0609638704551729,0.249692953217909,0.24954709021363
"1506","95697",0.0502791388628406,0.210083216458193,-0.0611580075493889,0.0117988207340837,0.0393701372418535,0.092381073977803,0.0169029170553144,0.0149116740773883,0.0387583662304886,0.0420736680302537,0.157288379660167,0.324464619474046,0.0138231561279016,0.0633681677805057,0.161208312470937,-0.00174664940102715,0.0206427934780849,0.0488605009857956,-0.0109427052312498,-0.0102695253082227,0,-0.0117366542587486,-0.0222181614712878,-0.0171601441026093,-0.0174455523521598,-0.0169233293698548,-0.0168104437935017
"1507","95698",0.105867314905143,0.0174213564839225,0.0350409054750599,0.0675880555877031,0.0767746277607767,0.0735686586930742,0.0259606244920011,0.0324614262815277,0.0330800509004352,-0.00695585054680989,0.00986940688858633,0.00230478094858119,-0.0114716300118602,0.00874610768323826,-0.00206114221602276,-0.0188681697449807,-0.00711330846999702,-0.00742772585751534,-0.0221724833793554,-0.0103933876327234,0,0.00237811099277337,0.0652990244815274,0.302320922740691,0.00778938730819707,0.0372826251173362,0.0147237089803469
"1508","95699",0.00226963876546821,0.0206914661950565,0.0372997381755028,-0.000569085781664197,-0.00541342674546957,-0.00794937094675204,0.00189471121969788,-0.00291704420522468,-0.00516970312696657,0.00170270471291184,0.0126885976754852,0.00395144723015913,0.00282988280537383,0.0139359934129793,0.00304396893139065,0.000315551624206172,0.00339135258868125,0.000345696761790985,-0.00369481142459407,0.00980391967131758,0,-0.00679491493597328,-0.00885649586117814,-0.0123791656658822,-4.62962730755586e-05,0.0119886181781852,0.029057313993765
"1509","95701",-0.017224209985743,0.00265530885338549,0.0170184003684483,-0.0282578971069137,-0.029908976922605,-0.0286803267628031,-0.0112822930433271,-0.0289179381836434,-0.0305629430929368,-0.0269443698353498,-0.0135065782914035,-0.022489528943858,-0.0319002350121722,-0.0193087230916126,-0.029385903416984,-0.00125496991547273,-0.0302523639252808,-0.0312091920537042,0.0347127504964191,-0.0123056165657031,-0.0434090996575312,0.00802406391565025,0.0498846731705238,-0.0705472252199788,0.0349531661877779,0.0429091361505247,0.037666423186656
"1510","95703",0.0138394834845549,-0.0565627137622334,-0.0393206346732534,-0.0506967801248423,-0.0903708475629905,-0.0822251901461245,-0.0505929834224168,-0.0568277286979905,-0.0400660872080251,0.00930653478154915,0.0960915647816484,0.190719247235783,-0.0273203808524238,0.00495461732328408,0.0358749715047788,-0.0276204378177446,-0.0100714790996311,0.0260100222205493,0.0102095562380535,0.140992296058365,0.256557465420521,0.0186711456254237,-0.000151208284842635,0.114673372297026,-0.0168934960852998,-0.0203625639186728,-0.0379403322151156
"1511","95709",0.219686214739665,-0.0557828471652279,-0.0144230770579332,0.0725829283124728,0.0521259471457889,0.046381835332898,0.0409213560164355,0.0370059352529022,-0.0376794785386761,0.253503904689629,0.302011754819266,0.356109151163198,0.2249925156016,0.164468278890734,0.205985068800085,0.0857792286330516,0.233862906637371,0.138765364735335,0.175356653150812,0.146437280901646,0,0.0663202442836737,0.174230356946704,0.240325691488034,0.11055862939249,0.116501868936395,0.107200610692299
"1512","95713",0.0240851910815787,0.164594077633001,0.497431284411984,-0.0334381211644417,0.0476751684888995,0.177258696801449,0.0378419648165774,-0.00229055342945585,-0.0196430413154513,-0.127645104473952,0.30752733933606,0,-0.0311866045091455,0.0928819783675341,0.111154752062937,0.0271888777152776,-0.0683543686239492,0.0334857058164617,-0.11998224693097,-0.172913398554667,0,-0.0879110104853756,-0.223438661318881,-0.32167057650285,-0.00156671663007465,0.0617617702868087,0.0717483213828589
"1513","95714",-0.0048416735581318,0.0141630857934037,0.02959206401935,-0.0179439398335145,-0.0184260110081691,-0.0182107717482271,-0.00197299319945642,-0.000353475972739492,0.0103194248881185,-0.0151151154917921,-0.00243099441666696,-0.0102059556744983,0.00930492029750824,0.0393202994223675,-0.0170126919057224,-0.00504883082654838,0.00679921432840978,0.01196347580104,-0.00895838743655028,-0.00719292202312828,-0.0286847096478525,-0.0125706876735067,-0.0187434749989449,-0.0288279241355445,-0.0200454347424131,-0.0203205075223122,-0.0215810455041367
"1514","95715",-0.000400916068909102,0.0211253032464149,0.0375108862271019,0.026123480589164,-0.0181446597559349,-0.0201389624699341,0.0176466861616553,0.020363995021519,0.0357557352649228,0.0652274787104727,0.13855002243525,-0.0497502210624613,0.0305335949129372,0.0603862592353769,0.0830495093751584,0.015855979035074,0.0246701166839011,0.0305324195654033,0.00160420503703091,0.010536194240418,-0.00307142621829539,-0.0083039986094395,-0.012773727125672,-0.0152176050395003,-0.0130032360457748,-0.0157688849436994,-0.0173709898880573
"1515","95717",-0.00228882739534575,0.0147263354653018,0.0290880222324079,-0.011354376871539,-0.0145385148002979,-0.0169595044546258,-0.00876520112699005,-0.0112371157692719,-0.0147317371902423,-0.00911259460214493,0.00299994982137216,-0.00200365751122481,-0.00876034564032465,0.00200940727080402,-0.0099525896054217,-0.0120321581541457,-0.0086203396830728,-0.0124127474191415,-0.00361544952681248,0.00291208077760326,-0.010185098787243,0.0178898836698219,-0.0230042030530603,-0.0209749273889246,0.0119861564750877,0.00522207417262422,-0.0263198601030886
"1516","95720",0.00382165315772544,0.0219861647684509,0.0372834960176874,-0.000965633916075403,-0.00417076583605978,-0.00712508655466126,3.94029326870911e-05,-0.00306864534098887,-0.00418981846407796,0.00282904737784572,0.0140285413828846,0.00457841705298754,0.00261615842317652,0.0173999974396513,0.00652307657185459,0.000937173959891044,0.00634465104903141,0.00348050472999733,0.00367542369972513,0.0106172014952909,0,-0.00214447433483178,-0.00884623491946114,-0.011716839429403,-0.00956135761849014,-0.0093376925506596,-0.00843245275270583
"1517","95721",0.00403067802140655,0.0223732159532312,0.0379331823303002,0.00102001062739844,-0.00404953733582272,-0.0070306262066957,0.00443012495000718,-0.000635482767071996,-0.00273071769259365,0.0030411061997176,0.0142648465713423,0,0.00596852215840241,0.0174894926034522,0.00683592914187388,0.00324534110368888,0.00613230690879048,0.00316720257286439,0.0037342061625933,0.0103857521956542,-0.0026046710676838,-0.000679309628849301,-0.00786226571128919,-0.0114133155967611,-0.00536722708723026,-0.0062090193160929,-0.00847429817682877
"1518","95722",-0.0229166160985637,0.0163952072998286,0.229193701056597,0.0362129503743741,0.0466675487747437,0.0591846972852453,0.0225498963928194,0.0391919336714887,0.0223549460832871,-0.0390448674351805,-0.17585776015827,-0.18881154191391,0.067994159539777,-0.0102039850312924,0.0233359646326255,0.0278069566234759,0.00884969894731042,0.00383672930393319,0.0311859407443217,0.588732488369391,0.192710721424142,-0.0354555640271721,0.0516233290586456,-0.115782564713814,0.0224877000758376,0.0633522501882948,0.111814834897298
"1519","95724",0.00354893709421957,0.0224054702186296,0.0379873228563512,0.000203075761082549,-0.00462298556663693,-0.0070835870654308,0.00346674053616048,-0.00150582955624605,-0.00348183550659368,8.19333177295222e-05,0.0142845386703804,0.0050604004893189,0.00208551176177056,0.0143322225561593,0.00686200018937549,0.000178296236988739,0.00362975217768044,0.00165716994114417,-0.00250327529103668,0.00752204143791874,0,-0.00455982413184794,-0.009583773160338,-0.0123553380963751,-0.0108717648082851,-0.0106352455479743,-0.011909413445655
"1520","95726",-0.207011733098483,-0.300410120452806,0.0184465409636475,-0.133390307291746,-0.0824978878612685,0.0755842171227911,-0.00750984243148437,-0.225921033498051,-0.121489731121602,-0.146032962237709,0.0566755854284915,0.270040455811726,0.15737863766117,0.0232401668077939,-0.00904066916685122,-0.00540516930613177,-0.0218554858780471,-0.00650841807565602,-0.0792588553301194,0.18000313482527,0,0.294611346074202,0.413965886465529,0.508322713162544,0.171325474911999,0.230364518651487,0.396261665372358
"1521","95728",-0.0037744893195971,0.0159891476016419,0.035363386799922,0.0514584069034018,-0.00883694153235662,-0.0113026505901216,0.0301652028222163,-0.0119106497521459,-0.0109503522093673,-0.00275983101639001,0.0105831843802435,0.00297656710317289,0.00110788750359812,0.0140937709333879,0.00517017111333107,-0.00346403687121642,0.00287146262327472,0.0014794488770218,-0.000893645923190832,0.00797806982148385,0,0.021732643102366,0.0545605803459783,-0.0171256947242665,0.00179326562328361,0.0115859928210766,0.0298631819086668
"1522","95735",0.0037837820201141,0.0218493059032668,0.0377653466995419,0.000852782983439918,-0.00444750242015185,-0.00771931423737685,0.0048546222483631,-0.000567432146217125,-0.00310496377102376,0.00318260708018295,0.014203801064324,0,0.00611218158126962,0.0176432411569023,0.0067551088946189,0.00318128983884639,0.0066058700118034,0.00403324883671338,0.00348121759026291,0.010218190565622,-0.00279017631984995,-0.000937213405395049,-0.0080459651910882,-0.0114917259201936,-0.00556562171189748,-0.00648403388607662,-0.0087417872551829
"1523","95736",0.0315241536878749,0.133031186496987,0.351469813153971,0.00536021143109868,0.0591377808896778,0.0698672421356183,0.00765291370946452,0.0138478040006446,0.0580516394508062,-0.0488485511755381,-0.0230030370208166,0,-0.00774240530394755,-0.00028221978732078,0.0113766534412042,-0.0169081962559495,-0.0117936195930727,-0.0216603698530595,0.0717566151329495,0.179413902939174,-0.0363058141814181,-0.0173423379594054,0.117145540359886,-0.0448447774338081,-0.0343411779858395,0.0363712495786883,-0.094750728761211
"1524","95742",-0.058211318342608,-0.103220669723449,-0.0699307386851661,-0.0617452630079934,-0.0728016462776909,-0.116143964497777,-0.0562717603052432,-0.0199915886338269,-0.0955963616201923,-0.0377765979461282,-0.0876239246442323,-0.100193220552931,0.00768778255734467,0.0173249807462578,-0.121225581659962,-0.0217442032659268,0.063273865201314,-0.0333399661654179,0.105285085229163,-0.0303238254167833,-0.0959678461251526,0.110601467046894,0.220560771661993,-0.0781340361253904,0.0258821447748074,0.0520540776866276,0.0462604325081015
"1525","95746",0.0260935651881338,0.0400553828223878,0.17856787040813,0.156671226556323,0.137077184168864,0.457200429739933,0.0540556159144415,0.0280783600597039,0.123771716279657,0.404222671475741,0.360889890521166,0.498871659751836,0.199400350161003,0.384823549386143,0.190175655942977,0.133985416529489,0.135761540891722,0.147738098499687,0.0520367515095457,0.0934856791377039,0.191315498927154,0.12459154554327,0.118639371020031,0.0266384469092769,0.0810737130784099,0.0454668960021836,0.0732730436914703
"1526","95747",-0.689864654539905,-1.08919291469262,-1.10834089872146,-0.326938084633178,-0.214893072634279,0.144846243922372,-0.150521501340613,-0.33823378408591,-0.5154746216949,0.349623418842989,0.321775867947745,-0.643526204258236,-0.271745415429173,-0.196903908412451,-0.372227333851718,-0.201491737077329,-0.338937505234261,-0.464817285921021,0.0280335208970507,0.208515632833875,-1.94233176126702,-0.0153209411201714,0.412698390105114,-0.93213867468026,-0.198236632969883,-0.11215727550405,-0.424915232458037
"1527","95757",-0.0789374433890745,-0.140608415819223,0.110305382857649,-0.20258839658342,-0.0818781580557728,0.371116884110423,-0.139764996201963,0.112592831321385,0.341243042845116,0.363087535986872,0.258661576571014,-0.150658423796298,0.151017096791176,0.532131765042377,0.804472473214357,0.193416058094063,0.34182934903052,0.731816887335958,0.348368958508922,-1.07919604311718,0,0.332642489861654,0.000391431503641732,0.292586222596315,0.091802255099733,0.0426849763729994,0.370335653028963
"1528","95758",-0.279076980106436,-1.89066669111847,-2.29079499540947,-0.446178943722538,-0.517480886389537,-1.09290371161382,-0.122056600517283,-0.261332483518855,-0.795520112454737,-0.228410035225868,-0.926089708109558,-1.57151968055241,-0.189183090614387,-0.523850371084899,-0.777091464726271,-0.0669982989421305,-0.418453821928644,-0.281626214196468,-0.173434351341843,1.94733697693419,0,0.224243898338231,1.02504070784759,0.238917322755672,-0.0202628872300182,0.122560104831354,0.201252887078282
"1529","95762",-0.100495350159527,-0.0534696516277821,-0.551661356288675,-0.166662373604774,-0.09995709568006,-0.0646570496039598,-0.00961089270930147,0.0388962731974821,0.0321618252261647,-0.214879138299963,-0.0596746220272799,0.297583952793998,-0.077639544020857,-0.237662721079685,-0.300002225507931,0.0466305971920205,-0.0545421318900805,-0.281808194219128,0.265265613989758,1.47575491231623,0,0.258361812405602,0.385075963800321,0.293632097752285,0.11801627894906,0.0719736629809136,0.308726012352948
"1530","95765",-0.0175725701194391,-0.600412535144534,-0.520541195864906,0.0539986671017672,0.085990863662508,0.323247779491632,0.000181817849238198,0.0375250144892251,0.22509678997056,-0.0566415812198424,-0.148299922585823,-0.402114308813867,0.175993336365588,0.0214338663666583,-0.024553143257074,-0.0133284650767284,-0.0893537027454535,0.185623482204436,-0.185378564408036,-0.790248933790922,-1.55605496714406,0.0152800524694738,0.534826393602998,1.22778420211035,0.0848283434355706,0.103373351270304,0.283320654387335
"1531","95776",-0.310515241195512,-0.475226012790994,-0.343099501236578,-0.195043486609698,-0.122762951823255,0.029890634114853,-0.0714472516580442,-0.0629521186069231,-0.209160800361511,0.283059726247526,-0.049517885633357,-0.371861106136459,-0.157198920936178,-0.116686541519638,0.211010630648299,-0.105239621007896,-0.164626191968087,-0.0506276906266941,-0.334716359438699,-0.372476857752142,0,-0.14866602985232,0.112899714828264,0.503677697937624,0.0521687347415644,-0.0179802678315571,0.161087680483967
"1532","95811",-0.0515783752830619,-0.0414374575535257,-0.00298622725909108,0.0325168070613843,-0.0689562418848919,-0.107348585165439,0.0467323904940966,-0.110113892627535,-0.0539128271235059,0.0190297405324291,-0.00524975749062427,-0.022998450634956,0.0543346148547635,0.032273136604613,0.0371553845608493,0.0113468903029066,-0.0317105591796207,0.0151865165662866,0.00654310938143428,-0.107147434145184,-0.161764075614235,0.0707521008247358,-0.070693834449543,-0.212177994449626,-0.0146799533742707,-0.0252344680211094,0.0494980273385002
"1533","95814",0.256001122716609,0.873423587142777,2.53671186132712,-0.0446412268881263,0.0985910404281897,0.41181703355217,0.14031597623524,0.0166032831136644,0.0081409993777651,0.532117750116555,0.562190108380573,1.2907081878582,0.326389907083204,0.166702670579941,0.0202368972764415,0.0704779796182335,0.115010612472706,0.272757672719444,-0.283978106558043,0.490620280741947,1.97575134459129,0.467099203473762,0.652710428882856,0.952240338485806,0.415302063035895,0.369270494326277,0.335945659153209
"1534","95815",0.656289259353416,1.60645299028638,1.52881135703305,0.272146770533917,0.769505630985044,1.2245733307803,0.191428441220955,0.283027734956271,0.415722338307657,0.540984345868754,1.50832011766504,2.23954936196861,0.340532416391202,1.13521451048234,1.16115593839298,0.373798201754062,0.488747118710772,1.00143353880104,-0.497931557381765,-0.711434509028283,0.332182425487569,-0.215792261956422,-0.331010932624994,-0.3291297546769,-0.116103561852787,-0.359961546720627,-0.0599336707063758
"1535","95816",0.0899714720638561,0.406087414390514,1.90181310402457,0.142249675848105,-0.0998053085181485,0.751627930882507,-0.00344084135722538,0.0704901982108276,-0.170910859754074,0.299763337712446,0.750427240149176,0.526764129463652,0.292100036585968,0.409006196647201,0.209753026028592,0.106218714707453,0.247408613064142,0.244610439233813,-0.221341832722083,0.255443462151438,1.21677120867685,-0.110045150276618,-0.258286239889447,0.407577936965634,0.109871413271146,0.0858810351683821,0.0748307685791501
"1536","95817",0.15910994691716,0.328115816716989,1.20258726263338,0.168159735338155,0.0835724043092887,0.555783085611521,0.139660509546153,0.118961940406066,-0.0212592810178267,0.1167256118391,0.338042072998635,0.398136637250132,0.0195740503053112,0.178948607213313,0.268510201519427,0.163701222744024,0.3836163366557,0.472294130292154,-0.0363545426485267,0.119063620900542,0,0.0599247492035954,0.142022105168689,0.30005835940338,-0.0261511615071858,-0.00564272283129077,0.435192090754662
"1537","95818",-0.191549205633664,0.802763940331638,1.0797128545328,-0.292368249655034,-0.231949745572121,-0.125540222410673,-0.0509882798873167,-0.166478783879494,-0.148062628559225,-0.185279361759243,0.166602743785951,0.633121719643037,0.06451101039907,-0.0980926196983003,0.0976092112463618,0.0568733072639545,0.0484278860369744,0.0112342129609942,-0.0669964747617804,-1.08942467962866,0,0.189088973173679,0.190646867108209,-0.0254686306456362,0.100518052662991,-0.0965517714233021,-0.1780671637083
"1538","95819",0.0821238154421342,-0.354196921440509,-0.183338012374411,-0.0522114803663723,-0.00593578090862085,-0.181654758871176,-0.0104871174319927,-0.0355085115129539,-0.423762233334246,-0.0571333149285321,-0.448893504398115,-0.554413480596073,0.0757346183989506,-0.178289172094117,-0.331182635619491,0.102577360060333,-0.235818166697009,-0.194789060293914,-0.0402403603949128,-0.467125137983732,-0.501197489623221,-0.242848600278112,-0.412863094681033,-0.286144566943735,-0.0227435688488966,-0.0993577087175016,0.432587339231804
"1539","95820",0.329234191654913,1.18852916131903,0.432681469794456,-0.0964772605819326,0.39072694745823,0.540583705067812,-0.217422203327392,-0.105866546012407,0.247092519615452,-0.264852125543021,0.82071545491844,0.919560311927811,-0.1306585891921,-0.331475689338089,-0.282816620456065,-0.11863164366991,-0.278859167326759,-0.431433453004639,0.232338713399841,1.54006630977076,0,0.14749492994539,0.460969327037286,0.771215010160876,0.247920329561649,0.181792038830497,0.852992804343528
"1540","95821",-0.0842872261130201,0.030557276969497,-0.597147049749568,-0.316644916931976,-0.351738158547932,-0.095366274905147,-0.0352560546839493,-0.0382432497379541,0.110129053820281,-0.199154978402654,0.0728792008712799,0.0655989561035226,0.0539804716610897,-0.00143670280998384,-0.00987084512680698,-0.0907714189561088,-0.153526636958773,0.0975466507678791,-0.757779847950388,-0.289747533517836,-0.406225670103573,-0.345045021802169,-0.0266335526548433,-1.44996083729017,-0.41655026448105,-0.0119304397456941,-0.445722692580232
"1541","95822",-0.100742269122052,1.41795933916556,-0.632028776333415,-0.29228218662506,-0.0117833383079403,-0.465471836727572,-0.251916555048928,-0.126996045769417,0.00417083205039555,0.110169499536738,0.63436737286258,1.12253761408726,0.00657156613283744,0.149366277582353,0.268150706496411,-0.241092892512125,-0.0827985854745163,0.0171341340335886,0.0711632238341391,-0.154720533565525,0,-0.178221975394726,-0.282244800983284,-1.01781463936064,0.0220586044999106,0.577320783496136,-0.128147208239561
"1542","95823",-0.865812412332526,-1.41263892885012,0.306485208564075,-0.193739514252505,-0.658768819311258,0.370804566231629,-0.327086464453339,-0.65727588508432,-0.804837798962964,-0.483211432251705,-0.85494006060528,-0.498116850848778,-0.770367793602438,-0.762259604444205,-1.45040116487809,-0.282916060357556,-0.566443605214319,-0.660440836738456,0.792646884104005,1.36840702955992,0,0.406327007922166,-0.605089269834847,-0.343838145396456,0.66418823879457,-0.129705511370466,-0.00306996496528297
"1543","95824",0.343097739360909,2.57886079614807,2.50277144983859,-0.128421212724225,0.486264025747453,0.733705461595536,0.108277112280881,0.267845488140323,0.394700837342117,-0.205077382367667,0.378613518274861,1.2829619530697,0.261176944990699,0.0641476442464383,0.227215936180337,0.101558399442523,0.18665101239307,-0.0543950301775663,-0.077709572286067,-1.10172178118784,0,-0.0168127669964945,-0.133013365567513,-1.04907217790577,-0.0881530732767822,-0.0651728718335078,-0.86147689314288
"1544","95825",-0.508451823641321,0.339243380712805,2.07812307493985,0.0599123123037864,0.0142566154041475,-0.335999371953243,0.0631158191448775,0.089088047558077,-0.0734474157597508,0.0513337587312282,0.393652033140147,0.452375279357638,-0.235068976206876,0.0396946408257226,-0.409336579478077,-0.0121987857332862,0.193519874708489,-0.173429431735566,-0.287304578023607,0.288329850622473,-0.612186483122463,-0.10067677735218,-0.0711906124748106,-1.38704403089359,-0.0370415896498432,-0.120299197116425,-0.36914497243495
"1545","95826",-0.224711430619321,0.184331228984459,1.48653195462096,-0.109614126042872,-0.159828481956448,0.105818378302969,-0.00408471150603505,0.118144942349391,-0.180719696669899,0.37692644402713,0.421718644953814,0.457982174935487,0.114899874379003,0.399356761464258,0.164742083687228,-0.0759210224857205,-0.158129154500721,-0.0978022810024367,-0.29636605111708,0.508022813287888,0.763205689551807,0.0751198175021516,0.556277154886878,1.95840468651011,0.068789539350251,0.563454065999007,0.521299854228728
"1546","95827",-0.0679200425742325,-0.424432044312308,-0.696830798753124,-0.143047891799939,-0.257277308975839,-0.330068603984292,-0.015951859865634,0.10831743626758,-0.0156030330300753,-0.221604071553167,-0.161430623541476,-0.113437734362582,-0.00334224318498356,0.114100586456424,0.00813882106820729,0.00298869511540231,0.0252303811864068,0.0109446898758517,0.248481832008492,-0.167091862378038,-0.392037047585241,0.0261578079430101,-0.217721201283069,-0.227123817096624,0.0167544570203998,-0.00817842730655333,0.187535655967339
"1547","95828",-0.352963279655153,-0.983053374860212,-2.11730302289475,0.06125499897175,-0.24567179908623,-0.67174571088474,-0.0127458221916253,-0.00578431449908742,0.0620509914410735,-0.15067404354974,-1.05287909626864,-1.35426365334923,-0.142193381725939,-0.161962908461765,-0.136751970447861,-0.110987345586519,0.182394603998793,0.124866990454863,0.426259584809716,0.779248808132158,0,0.290962998225916,0.828744396307907,2.36624433628304,0.118398212129617,0.207387635702109,1.50556657524624
"1548","95829",-0.0525182531987359,-0.264021525568745,-0.128251309230003,-0.0284421049699582,-0.220803984261077,-0.209499451094904,0.0159325884016605,-0.209741566231919,-0.189103230244697,-0.259396670513116,-0.0864742523711467,-0.469084266420832,-0.0914623827807358,-0.310290058337328,-0.211318035528229,-0.169547296909342,-0.274799016800376,-0.300758555832258,-0.237811582114344,-0.636283000520577,0,-0.0117133040161259,0.278712700863242,0.145764157658975,-0.0864360140785334,0.029290068277377,0.295588671967024
"1549","95830",-0.033991344383888,-0.0167742782250259,-0.00787488948989028,-0.0144361006332328,-0.0380891279063821,-0.0416593304402657,0.00227568955767095,-0.0140938323342678,-0.0402217206010556,0.0245110339498121,-0.0289937519817214,-0.0465249166516144,0.018589061240836,-0.0248194623835732,-0.035780827224403,0.0399284651598598,0.0453848574244067,0.00451390422748789,-0.0959225789125057,-0.193550831809,0,0.0890918065736422,0.193377465240236,0.0984391992241211,0.00626613629415448,0.0322998718206469,-0.0173428094379851
"1550","95831",-0.510557546985864,-0.498404668302827,-0.434727107547101,0.0555762132826867,-0.303676196781413,-0.383244773979471,0.0665969050939665,0.0955264653079522,-0.067400204003909,-0.594961262825331,-0.849627518478321,-0.785769612761521,-0.121389642187481,-0.164132621213479,0.030381214436827,-0.0643956790138593,-0.0879053431407038,0.147876380110969,0.374435761342608,0.161474947109911,0,0.47161212655102,0.86637632423537,0.765095942897741,0.0137768678675901,0.306545138976994,0.0559198924166596
"1551","95832",0.228026001677725,0.0790722941312549,-0.446364350614583,0.0378706259592111,0.306792092087606,-0.28588967577962,-0.0311772198724147,0.0249198526815977,-0.0461374216522096,0.0598909144145421,-0.335684484755447,-0.531925217315671,0.361165564016027,0.175518896774562,0.17114065618623,0.152029098886535,0.041386729605851,0.0997612965170008,-0.195446639389087,0.436740128438986,0,0.0211239233244416,0.230408545343062,0.151507982817516,-0.0318744915914631,0.187013967044813,0.434024875540195
"1552","95833",-0.345423438817157,-0.694938012433464,-0.548324153835784,-0.404886397624122,-0.183901534105528,-0.637167304668943,-0.230379418100518,-0.233814153490222,-0.244208905775919,0.0378700147415188,-0.209229336514188,-0.599304803235064,-0.132673876822882,-0.138086909891814,-0.00492326990183298,-0.117638397910559,-0.0760027272374037,-0.163405300928437,-0.168584389334836,0.286871483531209,3.17790414563873,0.143215262946774,-0.00341910292506526,0.377450427903748,0.0836816819622498,0.0985601891958276,0.629868266870249
"1553","95834",-0.0127222180938876,-0.419657306757179,-0.451065440944674,0.0526508279130229,-0.101035350306505,-0.324168545611535,0.0462971092968677,0.0180367050278857,-0.0414612297326222,-0.149167689494121,0.00345600337429776,-0.507754436205354,0.0409198152737119,0.0159606771325255,-0.246555850129236,-0.0865113463553922,-0.0989090376443526,-0.137868311355676,-0.254246485276223,-0.0133496045568776,-0.644871282324131,-0.071704141327338,-0.267883300411903,-0.839473085287543,-0.0868134232839915,-0.160578826325002,-0.236738128804933
"1554","95835",0.076102406872059,-0.520206669354617,-0.322312083570572,0.1572191245408,0.0584063634560356,0.217336867805843,-0.0976507537023151,-0.0206794327196619,-0.0960479707283575,-0.0247544069623719,-0.209880201775279,-0.708143299972962,0.200337539310512,-0.00549598842100823,-0.641379820585228,0.0413617372706096,-0.0731853698219856,-0.21903792165406,-0.148334565981549,-0.54825927536242,-1.1952099524922,-0.43720379426157,-0.370343565187297,-0.475245732787584,-0.386577897709278,-0.389578186458954,-0.187544303457398
"1555","95837",-0.0136369126908103,0.00839370090517718,0.0241468847647809,-0.0184205354239841,-0.0223323626800343,-0.0241684780022882,0.000368734341929462,-0.0226317078775361,-0.0265679224310197,-0.0186898036283966,-0.00864656634108341,-0.0102376355390729,-0.0164143589820497,-0.00497097351255148,-0.0147599992684221,-0.0229533865737208,-0.0190969219947516,-0.0216148994250494,-0.015434709924664,-0.00715393577991056,0,-0.0196619520979372,-0.0215043851435595,-0.0198998807327076,-0.029135096017896,-0.0303400182962554,-0.0312215645194858
"1556","95838",-0.575125264398586,-0.0979154131783569,0.823127359580516,-0.509416682002815,-0.525813040952994,-0.570559751563317,-0.418579590682383,-0.571806901721403,-0.380029723027853,-0.30943395647194,0.330564659996381,0.0109458526957794,-0.383839193283138,-0.421113169908459,-0.54062910156289,-0.265954678255629,-0.372352151193129,-0.229941527272308,-0.350846334439418,0.248895675495253,-1.48735599137371,-0.0177824478796032,0.191708284222156,-0.192116199152244,0.198687432857459,0.152411566847928,0.647182310583315
"1557","95841",-0.338794737686679,-0.10046408818145,0.479122363961415,-0.0761709980679768,-0.099402445921684,0.0436559086549028,-0.065495944216653,0.0343618968243954,-0.341940558161068,-0.338463311635321,-0.588472664836595,-0.56454017358745,-0.196675078593004,-0.373678268055126,-0.662405456479229,-0.111996736086979,-0.355582685812044,-0.357490338703535,-0.250366269222779,0.0534232993759959,-0.574309096110719,-0.195204136760655,0.0160270238851815,-0.448341549909919,-0.00846114799221234,0.0539527113696072,-0.0488371990311448
"1558","95842",0.431987252912171,0.454938449441869,0.398314260254119,0.0840872935363585,0.0806029563953699,-0.0133107529825834,0.0117395645605157,0.124520684979458,0.203120484352234,0.549513893656479,0.120173553192163,0.250821047383684,0.0378080107116825,0.247887120203227,0.549562339332251,0.071476718111057,0.230554303695508,0.1410247867351,-0.423727962756999,-0.0923710263429692,0.60118474177126,-0.303497643275129,-0.228769951977669,-0.388024549596618,-0.235987616903264,-0.259624042949326,0.0152733712768647
"1559","95843",0.285809058362551,-0.0850397274372787,0.687450137072533,0.00203863760056912,-0.0917944087808155,-0.0964446976331023,0.0425441651174498,0.24604888868395,-0.0472507054041437,-0.0561660201781643,0.0389816814150875,0.0924480603392635,-0.0610028092848835,-0.285244614717449,0.0283352063640221,-0.113862440768325,-0.38681368816908,-0.238236549211552,-0.1987735688886,-0.024773265372617,0.535668448294083,-0.0594729896493343,-0.317820222023383,-0.587096144650268,-0.0016565081784169,-0.0638938028674702,0.057127573536562
"1560","95864",0.00521285032218419,-0.657972615023057,-0.851979672031916,0.142493195162915,-0.269765606203784,-0.755573543008979,0.118140528036862,-0.0960290276942846,-0.230001600185204,0.206069261410637,0.0694006437877598,-0.67765612425328,0.135379903953447,-0.200045288602964,-0.265161405378399,0.218452156056647,0.19185335937186,-0.154380837111367,-0.00418922890339958,0.59457131006791,2.62314066141292,0.248170376440534,0.414420085620668,1.21297013245211,0.256823867170457,0.189973114966759,-0.0206115705648585
"1561","95901",0.29710025610869,-0.518534025312496,-0.814708414568638,0.223136985193624,-0.216162659720371,0.184831269778097,0.00827422185471201,-0.0596914509094573,0.118598905627532,0.0876260978142837,-0.0889430767124897,-0.499290854911675,-0.210943928957276,-0.557996910525155,-0.695112539856007,-0.179799248737969,-0.278074180846062,-0.307996837420693,-0.213636036012783,-1.93303762633255,0,0.0877926271795134,-0.291877859910799,-0.161734905618357,0.0107686890649191,-0.0896348320712912,0.0751211035760908
"1562","95903",0.114362696907335,-0.0280177462920606,-0.0145167072792118,0.0368172239485868,0.0596247303352961,0.0249882279592951,0.0116544517234646,0.0197192713784753,-0.00393619642103206,0.0339381064138113,-0.0384796215608855,-0.0410441251342635,0.069998479597615,-0.0291456506610578,-0.0451972007449708,0.0295984484236158,0.00197334472661308,-0.0337020323226601,-0.000900276183280305,0.0124096829062745,-0.0127476195328973,0.0201738941300371,-0.010814223078984,-0.0159986443305354,-0.000771277730033327,0.0119494149858912,-0.0227145153344187
"1563","95910",0.00141406644259261,0.0195946321594499,0.0353212964720719,-0.000415550224605269,-0.00555746437413827,-0.00831013400986056,0.015914985061366,-0.00243244105771823,-0.00495204110419552,-0.0141857872166468,-0.00554670550158828,-0.00254019964185249,0.0292430564082878,0.0632290021872839,0.0762344134071179,0.0100632140459798,0.0217526797265277,0.0317333015797376,-0.00137319240894711,0.00510870830300338,-0.00289788904691416,0.0189668680530141,-0.0212710864334702,-0.021419762062172,-0.000720574254775793,0.00722589338737348,0.030418429746261
"1564","95912",0.0127098073891784,-0.0846176517457055,-0.0567875847743763,0.0617039556869744,-0.0588605915011819,-0.0309524674825482,-0.0312847677263912,-0.0746436487977399,-0.0868689331702715,-0.0425685728323209,-0.0688984777247895,-0.0900429656577721,-0.0531735050241011,0.013153150429532,-0.109592881008381,0.0192127118422912,-0.0359654720409869,-0.0367515732525412,-0.102257710926729,-0.0501449098831799,0,-0.0254085544463572,-0.0336094932068434,-0.200441688343898,-0.0128815138344343,-0.0126479721487584,0.0340739423892968
"1565","95914",0.065918567905902,0.115697925719217,-0.0112419951680324,0.0568912916282463,0.0542100256865706,0.0216353518800672,0.0637949783832576,0.0264168745430498,0.0353542596754404,0.0732917428038361,0.0711482829966219,0.106714442737465,0.0524726676000995,0.0268427152989789,0.0221078302848477,0.0433867454599802,0.0176709022600828,0.0339171945246737,0.0107047316714569,0.160487995569411,0,0.00193852391584743,-0.000835889249367052,-0.112937846510064,0.0426937149948453,0.0941737610908941,0.028665696796956
"1566","95915",-0.00767240932940046,0.0104471364229813,0.0268610170856613,-0.00655429348013327,-0.012194968450101,-0.0158657044416661,-0.00222997657326666,-0.00690178607092532,-0.0093240516484992,-0.00114410858366129,0.00973104920775134,0.000158128426069255,0.00100420951752951,0.0133279002955828,0.00256763054547693,0.0130973453000436,0.0250959519974524,0.0356315325136989,0.000990365880949699,0.00954274232171871,0,-0.00513624048520955,-0.0119915343136724,-0.0114310211536652,-0.0140792362951947,-0.011381555951928,-0.0116683926748447
"1567","95916",-0.0767476815815854,-0.108221523404244,-0.062528363200779,-0.0463850960471134,-0.108035296638234,-0.0528029657020768,-0.0653471921616912,-0.0737357965808496,-0.0429213330146347,0.0650604227618393,0.134246642874446,-0.125890204485613,-0.0275933263572415,-0.0171252940567988,-0.077792419090447,-0.0406797604102805,-0.0616024479377913,-0.0461456023438628,0.144164301455891,-0.208455986085804,0,0.105186042603876,0.0350879890861047,0.477446371131362,0.063660626795794,0.00231220189783427,0.0754297289395871
"1568","95917",0.12499215224878,-0.191640441539598,-0.161483700701306,0.117317326970006,0.101106476873112,-0.0205107272376771,0.0235079695557716,0.08969862463011,-0.147193496239546,-0.141422823968263,-0.0484476629621489,-0.14882709444484,0.0405210188599996,0.00239621774679678,-0.0483862323865841,-0.0750757268071681,0.0339284718946162,0.151544437665091,-0.0970043836463328,0.322839772523383,0,-0.105361824635379,0.0330424899446413,0.275208828137775,0.022194357288039,0.113239859885621,0.153397116192944
"1569","95918",-0.0134190608618908,0.0952448448230509,0.220946648561921,-0.0211391275054399,-0.0455953803364577,0.0156275044939665,-0.0228139361267301,0.012976960266523,-0.0150436417699847,0.0354923748612334,0.161239574952834,0.26989288383124,-0.0202144981240461,0.0734772791951755,0.00303768139502979,0.0267325109187463,0.0389639202183646,0.0245690191496258,0.110321783900699,0.379424164065714,0,0.125860976588636,0.168587120432738,-0.00643427963203648,0.0695003625620089,0.139621657527231,-0.00899713826797033
"1570","95919",-0.0330789706651798,0.0100637694053578,0.149700359370794,-0.0321057297180172,-0.00554674170642714,-0.0664991621567424,-0.0014685286865658,0.002905378906616,0.0368925320792794,-0.0633580335719064,-0.114621386831429,-0.113789249137763,-0.058697890493263,0.00186963493631737,-0.0263895086285841,0.0226369400100035,-0.0393209308742601,0.0079268765762872,0.0641000982295786,-0.0984151214488226,0,-0.0662374615469856,-0.0849648473974419,-0.203441361752081,0.0219170387868721,0.0272291652992782,0.0716842728301942
"1571","95920",0.00323985281044706,0.0213371807617727,0.03665005186289,-0.00108708411954439,-0.0050002417127254,-0.00776678993258159,0.0139670631948837,-0.00242400163976887,-0.00375711304556659,0.000166427776283217,0.0126263094840908,0.00291663940475047,-0.00107129280730997,0.01459999700519,0.00475162269715428,0.00858635424976735,-0.00190426793036979,-0.00104177983042883,-0.0353092930056831,-0.0383024266598997,0,-0.0261519864740392,-0.0317822822181656,-0.0243157808237153,0.0272747254380864,0.0791116160575481,0.0258723989193831
"1572","95922",-0.0317922003395629,-0.00729413225919244,0.0137951017864963,-0.0356130754440387,-0.0405435741167317,-0.0393925780532865,-0.0279123267763533,-0.0414854411042963,-0.0397898742997502,-0.0350522447985413,-0.0218477941276259,-0.0258073904280703,-0.0185142093613533,-0.0287231776912581,-0.0352248117489187,0.00473243704911476,-0.00160030449479321,-0.00859441389339586,-0.0580518488776785,-0.0286992181774183,-0.0255099273142942,0.00768848549261576,-0.00755219503480635,-0.050942614860946,0.0137031137334977,0.0576173888584676,0.027366888804343
"1573","95923",0.00079455743823303,0.0196008355315054,0.037321263123625,0.0229648839930009,0.0401469356491823,0.089889435485992,0.0127322134964884,0.0189280100468168,0.0329286797010469,-0.0089230909910203,0.00941088382609108,0.000428895128500507,0.0244871502934546,0.090192686295848,0.00277067216106126,0.00970444799239899,0.0273710210039913,0.0441698425272957,-0.00865577530624895,0.002172620234424,0,-0.0133928239291255,-0.0201172731185512,-0.0208287030330773,-0.0241802931105343,-0.0255167304954669,-0.0283229469471968
"1574","95925",-0.00645875938827926,0.0127174723310435,0.0257355150226835,0.0151276581746707,0.0279214550081737,-0.0196560451620192,0.0168211360692119,0.00368510649082801,0.016597347139691,-0.0098521479512872,0.00053385522053482,-0.0100033471585136,0.0104748382361262,0.0510764440294639,-0.0196865775882487,0.0307128520267125,0.0396580840776127,0.0628648707952114,-0.0243351308598007,-0.00596271234079104,-0.0278612327250365,-0.00340726037494058,-0.038035341202363,-0.0290662554619549,0.000353598566613995,0.0220025020625389,0.0697647539051925
"1575","95926",0.215891004627112,-0.0561206694359279,-0.312918529792908,0.291182700643962,-0.256934906936366,-0.18436140038984,0.386102411872647,0.148720692723464,0.227141629206368,0.164610906212671,0.718653481839516,-0.756613028427268,-0.174789619356159,-0.199693926895872,-0.111322518445824,0.272971046960518,0.0589982599494678,0.378979395238797,0.437482353267605,2.12184579067135,0,0.295744179767973,0.636665585192361,1.06274849993094,0.142757645894731,0.349783448338641,0.0512222880916913
"1576","95928",0.234161079865702,-0.124876738992069,-1.10772996972627,0.140135027845567,-0.501527603602156,-0.705862640195557,0.0193104292220089,-0.229293067169945,-0.469633453160578,-0.0512895288125908,0.102484036301675,-0.467132147946071,-0.0625902650586359,0.176640945229897,0.163466192222412,-0.18723741547167,-0.101656723055007,-0.133693443400562,-0.00513202547455627,-0.74439537132193,0,0.11799270372745,0.0968217389438898,1.84759291845444,0.134918101501022,-0.118674676549553,-0.279513794883789
"1577","95930",-0.0151920469495648,0.0134527402594949,0.0320163576519609,-0.0350676879102967,-0.0290516289815988,-0.0293295772999017,-0.022854987139474,-0.0119543386473942,0.00967636499369302,-0.0206636923688353,-0.00842374281505943,-0.00792534282187728,0.0117182058921693,0.0387268121471389,-0.00682421969034775,0.00150272622029553,0.00563855655156111,0.0203922887226729,-0.0393252911620588,-0.0575941814626148,-0.0173002904898486,-0.0349320256948161,-0.0435324348135275,-0.0370108539484603,-0.0291719450998789,-0.0485834749413345,-0.0471796125059706
"1578","95932",-0.0284830313775083,0.107755617789684,-0.642773096562297,0.146842404911568,0.269956182529295,0.474767724613491,0.0899717108027108,0.214241936893329,0.317375576066557,-0.127337414755539,-0.149338657502121,-0.184355859988323,-0.0462806090571461,0.226835241795272,-0.140209061186104,-0.0277320903620182,0.030517375800521,0.0184142554775026,-0.259257200631942,-0.436005079670185,0,-0.0784680775296889,-0.242552912547072,0.223578251844139,-0.148041480251154,-0.122501753411072,0.0332318057917316
"1579","95934",0.0536449396872203,0.135268728777723,0.0250054855796436,0.00166629838389181,0.0291819865045084,0.0818588449325859,0.0133152632853472,0.000120204577150058,0.0125793122122399,0.0479543169928863,0.119286599924303,0.185614925227551,0.0127500786074742,0.078560349933257,0.150946243153341,-0.00486281420501084,0.0173114176898153,0.0379157279688172,-0.0128520220167762,0.00517360574795448,0,-0.0213001330121616,-0.0197247413049115,-0.0170001133663861,-0.00127147015849724,-0.00491335919612226,0.0125873623142795
"1580","95935",-0.0749512276486408,-0.0388955093606917,-0.0115337755939534,0.0389281805777887,-0.0773632678292971,-0.0640337623043898,0.0104598905314659,-0.0837593777491533,-0.0776428165149028,-0.0453105263516608,-0.0329555022391245,-0.0378516990420614,-0.0280235210853416,0.00724453816261743,-0.0842326126866505,0.0192455704143185,-0.0393935465264994,-0.0695569049307925,0.108042934254672,0.317694023186849,-0.323326400252022,0.101773846277872,0.0304137523578393,0.292702460926531,0.0310028666086554,-0.0432512605309345,0.0301371099272691
"1581","95936",0.0994435571559876,0.157020026254654,0.337780779885951,0.025713918823871,0.00858134183140898,0.0496830106371759,0.0398229322813587,0.0109189842845979,0.0511223075770794,-0.0200456581982215,0.000694167879594177,-0.000687667841355477,0.00062912008015157,-0.0142954651502791,-0.0139092364117247,0.00275516992720706,-0.0100045215130469,-0.0284988207242179,-0.0275513177351133,-0.0277960212344072,0,0.0164492059598535,0.0786080987878696,0.163036536361748,0.0292601963881804,0.0796847219538975,0.140612417371843
"1582","95937",-0.0929395944734509,-0.102760270151829,-0.116344079860601,0.0195382468142372,0.0726408063736564,0.0984343531671997,0.00304301796645179,0.0377641190138027,0.0832607067870455,-0.121925396253651,-0.131465842821203,-0.140611316025861,-0.0274999320396406,-0.0151595674940319,0.0643533877158442,0.0387342174495379,0.0128538456582366,0.0269669072855133,0.000985586698181767,-0.0734379214018085,-0.0861893636585906,0.0232917984895603,-0.104440397429689,-0.110472481691198,-0.0159195204453927,-0.0136731260261846,-0.0630229583760993
"1583","95938",-0.17863519031451,-0.118282080041001,-0.0920706947975754,-0.0107303784400271,-0.0366738082231746,-0.17788270012113,0.0271972222180814,-0.0044843601304489,-0.0261977458792957,5.93852367433026e-06,0.120397174194709,-0.195941436485311,0.0182897250148224,0.0605868160102127,0.375273950985973,0.00768970934454648,-0.0302306062332723,0.104923206848419,0.0269489587864551,-0.188777590219601,0,0.0114862665353609,-0.163344447100102,-0.367782550211554,0.00265060537534691,-0.0463164484268425,-0.119730083914669
"1584","95939",0.173420336324713,-0.0262642321065401,-0.00311131997052518,0.0535310207736741,0.0825898888235528,0.0657503986156174,0.0172314157473163,0.041618620455018,0.0367764521416839,0.0356656924933405,0.109044421452802,-0.0600131527427181,-0.00285355252993909,0.0295876020699838,0.0421373670477539,-0.00311808884955206,0.0183354446203657,0.0409384107212105,-0.0480480362408288,-0.0285264726754028,0,0.0192124457870231,0.106117383281032,0.474850058757804,-0.00450562762898828,-0.0280098075620422,-0.00543282634265531
"1585","95941",-0.0659833431420074,-0.0465526390476058,-0.0296723301469789,-0.033044192526631,-0.0741379849571686,-0.0762256666282395,-0.0310166546353817,-0.0417647967049975,-0.0319333964290077,0.0116172040668593,-0.0657176980625137,-0.0604503128276942,-0.0249995245980334,-0.0026533334500303,-0.0716445107499504,-0.0265568447395758,-0.0040584055848077,-0.0213904510349157,0.203612056243197,0.351202628211723,0.441583287197893,0.11263444460424,0.148146894381654,0.600746782956793,0.0397956241225526,-0.000593716574067792,0.0503602254454357
"1586","95942",0.0405139883898211,0.188280504808993,-0.111528445224789,-0.0175424696330444,0.0245173197572692,0.00745687989782127,-0.0215153630231648,-0.00398278587561409,-0.0409204998123052,0.0559895263572544,0.0677817703682834,0.189818407786465,0.0443119587816305,-0.00315090789880317,0.0238884586315601,0.00377480237894704,-0.0204744896870284,-0.0383020174149446,-0.0315509201087568,-0.00585405454192255,0,-0.0372472836010875,-0.0373227551303296,-0.0377814151334486,-0.0320197785936075,-0.0182510163718376,0.00323356994963524
"1587","95943",-0.0312944605459626,-0.0169584504583456,-0.0160020757559016,-0.0203457889898878,-0.0471141012601831,-0.0483993705217525,0.000241959862780344,-0.0200600131697824,0.00608210584124183,0.0351967379728683,-0.0180917219806843,-0.0303610280305615,-0.0122231602246682,-0.0282556631226376,-0.038974901499774,-0.00132441083365573,-0.0434356989758758,-0.0459318938017474,-0.0267302938523655,-0.01082726656686,0,-0.0128963158681386,-0.0577266106501431,-0.0293650661071418,-0.00324402999754216,-0.0508831472059757,-0.0380622909330389
"1588","95944",0.00370036308078292,0.0223441871143727,0.0378844558568542,-0.0011389906277425,-0.00497602079840842,-0.00682852149391986,0.00150985997872708,-0.00282753512518901,-0.00410735164596952,-0.00546349203070565,0.00463884271116304,-0.00327870123858186,-0.00445175686004261,0.00727875456615194,-0.00361848886026641,-0.00979222927943805,-0.00694313721366567,-0.00834088167915305,-0.00957201145719353,0.00688628539794116,-0.00265852743121591,0.0135259551969723,-0.0131555800434404,-0.0174493236634466,0.0127214975183422,0.0325346184371449,0.0321380335856057
"1589","95945",0.196883100990523,0.261632064922198,0.329470927580065,0.0595530525878608,0.136902530708375,0.259773783053187,0.189733090730179,-0.0114830203188581,0.0828487944126076,0.117981405311999,0.360235288846684,0.0359026544264522,0.270588862471298,0.580967599012723,0.723772567183342,-0.0369281733350831,0.254877137923293,0.308832609488912,1.02397311064286,3.73639194684692,0.838191194349641,0.5644797921419,0.91370680363881,2.53225260998443,0.587886242901548,0.917716202121518,1.55477565182872
"1590","95946",-0.133115580510879,-0.515517755914045,-0.754637594989993,0.10289726474663,-0.0235988864504672,0.122585603036663,0.091082128081598,-0.0170534525495283,0.00535552693974842,0.457884835394997,0.33674032484425,0.586238463131184,0.120405516024952,0.127307459276122,0.240968140844984,0.258782112520053,0.135873026147775,0.0136078136074205,0.256038522961406,0.0519196527675927,0.105056183466817,0.023792453767847,0.116197512793793,-0.128530513576175,-0.0174790808678513,-0.172281402885824,-0.0317088447848615
"1591","95947",-0.0597865204104788,0.004160797742512,0.125077039065605,-0.0592374659755447,-0.0486496528035145,-0.0503044151088246,-0.0528412570824609,-0.0989625931638913,-0.13306629929297,-0.165376926152777,-0.195083322068356,-0.178268636132831,-0.135538117071979,-0.161628698753589,-0.167350895470692,-0.0532806007906804,-0.0361268500920527,0.00113774490605013,0.0656860152476158,-0.247305849273462,0,-0.024283828705422,-0.196949102867093,-0.163632138523715,-0.0871741676685806,-0.107638718983767,-0.126672258827236
"1592","95948",-0.148905991161739,-0.00620215983529639,0.671867312562443,-0.0018521173244788,0.15243122574369,0.239462348501765,-0.0192190490465173,0.0210199724108753,0.0760479431589324,-0.2713688444115,-0.127118852768931,0.292994094095681,-0.274924742685339,-0.108633880616518,-0.209158824946895,-0.0565415706085726,0.031923790748374,-0.0228762367421578,-0.286553392851311,0.109204671714895,0,-0.162626387979761,-0.455868794490729,-1.08069598713032,0.0302290754863109,-0.183229200904483,-0.299281806156029
"1593","95949",-0.0965861993351433,-0.567657382135608,-0.48405510527955,0.086599059668791,-0.137104183492301,0.0434433944232598,-0.0354529509158075,-0.165187244635443,-0.282298615147554,0.18514225289067,-0.111920251463184,0.147455342985806,-0.0401544422401595,0.122365188836342,-0.186061145682454,-0.048055492489198,-0.0841664513299948,-0.0186986342819087,0.0546657346004223,-0.637543048178079,-0.73635220224971,0.271875792981307,0.315881169206662,-0.714434348205844,0.0407587697010414,0.175606941179584,-0.301317701913485
"1594","95950",-0.0266838887142014,-0.00683663412734946,0.0326303695072269,-0.0309429207425514,-0.0313356093806831,-0.0272809134247296,0.0040444875930657,-0.00207390787629067,-0.0280727975277444,-0.0340814294869055,-0.0267047684983424,-0.047272723882736,-0.0272231030294325,-0.00951843597975068,-0.0162346130629527,-0.012465078329894,0.00280409310623247,0.0154816672073253,-0.0270723703414886,0.0022714925442343,0,0.0297370123319392,0.0521257347810703,-0.0523439453041565,-0.00815769478321104,0.0440491285804358,-0.0474035524502968
"1595","95951",-0.0806553760895923,-0.055187232594003,-0.0363308737019143,-0.0259808640632536,-0.109350609650526,-0.10103624056402,-0.0129175419110517,-0.0501727433390458,-0.0861026548229322,-0.0284169142583418,-0.112757618012835,-0.122911327577167,-0.0741850279182476,-0.0605512858962254,-0.149698748239291,-0.0379832907532898,-0.0506225580978568,0.00758872288004202,0.0668350384773741,-0.153083459955452,0,-0.0268555880225016,-0.0191636681675321,0.18425325471848,-0.0310730302103391,-0.008443547612833,-0.0638140256118931
"1596","95953",0.0573728239468823,0.542878109979918,-0.291701355535339,0.0564345506059993,0.152988081937072,0.386509994704588,0.0860226439969995,0.0793278728765571,0.162744825862847,0.14628155623625,0.0708281232490332,-0.159470438320563,-0.0639155980926543,-0.222449670209803,-0.206802878809365,-0.0311848110836715,-0.0620032058082739,-0.0379836821066312,-0.0623832041814627,-0.630938666707438,0,-0.100987621669787,-0.198288042828025,-0.566725998361033,-0.0647775311344393,0.0507479708314023,0.16761127764426
"1597","95954",-0.0646104530002507,-0.315150002325259,0.228802341887103,-0.137507563166671,0.0377148224788195,-0.191787117185554,-0.073882673372535,-0.155764092758676,-0.154052956919571,-0.0109362283638845,-0.272224709982301,0.846640621529391,0.137970276942509,0.122680892394759,0.134011612843471,0.0660312888110537,-0.138379468438729,-0.0985110595103789,0.361381515915374,-0.282707909601791,0,0.224829729167451,0.0733012796363555,0.39035282670657,0.196912090301125,0.296175291659449,0.0037710221095614
"1598","95955",-0.0437372958421514,-0.0280435723287296,-0.00682944601639783,-0.0319331946825766,-0.0494647235894134,-0.0510226093970764,-0.0158483108631422,-0.0269328955300775,-0.0492677017880279,-0.0422795972242474,-0.0179489860001103,-0.0245659399836082,-0.0256568258699281,-0.0339822383821969,-0.0336420317807113,-0.0299610506543102,-0.0507006094483472,-0.0408471450866009,0.164315575567195,-0.131794554428235,-0.186980872782464,0.0967594079326969,-0.0273613932350319,-0.137294074608302,0.0557728435408945,0.00769038839757651,0.0616272152987046
"1599","95956",-0.00777996712213017,0.0110364287614712,0.0247415657271753,-0.0101252323067851,-0.0129308390704052,-0.0187408534918347,-0.00655943265850601,-0.0103467209143517,-0.0112171970588224,-0.00910850303398258,0.00884872408598405,-0.00135582937702307,-0.00657106877842845,0.0125819898848989,0.00129859723504399,0.0027058558163496,0.0240551119349697,-0.00331057995942095,-0.0404087242289863,-0.0524481460270633,0,-0.0309413583533366,-0.0459140715254018,-0.0148743600802396,-0.021742131759775,-0.0419645662363742,-0.0520058395586867
"1600","95957",-0.0433009845857703,-0.0212273937935792,0.012269696881416,-0.0559290767873801,-0.0503300602957465,-0.0503407043798981,-0.0323914802550729,-0.0640973252346897,-0.0569966111375751,-0.053885024946177,-0.0415327181627239,-0.0609889103888709,-0.00332134464667748,-0.0383348227811752,-0.0411581524105139,-0.0189529761759036,-0.0309399052351551,-0.0228666433503424,-0.00423241417016516,-0.0723216794861219,0,0.0886081233122754,-0.00620354193005266,0.24557116107422,0.0344298835107719,0.0460412241660122,0.0803468378615187
"1601","95959",-0.083444803836961,0.156210584511217,0.117006624205432,-0.137840219461126,-0.141137291989515,0.0871633933297658,-0.131081474973314,0.0574068719525136,-0.0440820062474966,-0.0355851606098618,-0.0954938120855276,-0.539220358963344,-0.216910980975246,-0.170788993260908,-0.227425173851512,-0.0600361003611668,-0.253224395359226,-0.224587645030111,-0.256207605542076,0.137596211951226,-1.04029883502491,-0.045703802759372,0.0893388276593394,0.0725946317373617,-0.0584238438014733,-0.0172805398377402,0.0997854723401528
"1602","95960",-0.0108395265310104,-0.0456051983139138,-0.0126075610347681,0.0835623177932984,0.13949155165957,0.252602212050952,0.0961557210985806,0.0516270046931166,0.0730871142727185,0.0345991788629067,0.0396219869829308,0.164062717361871,0.0433674918262503,0.0199795134761038,0.0153950053665529,0.0738562891526345,0.0361001317013937,0.100075705249188,-0.0222102293783093,0.19253319041093,-0.0404211310394927,0.0419679776820402,0.0365166274261534,0.0681470413493487,-0.022663060861167,-0.0606352754751284,-0.0473654527030412
"1603","95961",0.127688366561177,0.495725691775593,-0.404614329470976,-0.187594771782443,-0.0997938200340836,-0.266664917407238,-0.048434596948563,-0.00768081054213083,-0.0510749720483526,-0.0156026957272208,0.283458784975077,-0.532933857030721,-0.190766233050227,-0.0834112514773827,-0.145017158036291,-0.148892629617423,-0.0732766347950903,-0.035488223108308,0.173759948792604,0.380191000416121,0,0.321664223848716,0.805283675216471,2.58934854837243,0.188907840253671,0.202835118467148,0.754153734315842
"1604","95962",-0.0581989855899438,-0.0401998562279099,-0.0244940780189813,-0.0711140565620704,-0.0661156413142532,-0.0657214359442011,0.00900787658066631,-0.00444559510409383,-0.0305198309936701,-0.0529821912398368,-0.0359970241164034,-0.0435439855402471,-0.0337678580600028,-0.0487403149613069,-0.0496179504015868,-0.0165678255979184,-0.0349763374371436,-0.0604310133638718,0.0662702710491102,-0.0155397546253385,-0.0408470660662479,0.00517344934015502,0.0863382861928515,-0.0433396357588417,0.0173305944218118,0.024358988664207,0.0992783178964012
"1605","95963",-0.55061562571821,-0.768033700953268,-0.689143956799445,-0.0826221365708885,-0.460184253043761,-0.325898158212512,-0.0370891790636152,-0.262003421656414,-0.242660263820442,-0.188233917482302,-0.329701005356077,-0.222752968626008,-0.147043445998958,-0.0258782328155366,-0.0207821623400457,-0.00617293404764576,-0.0873340235676047,-0.117332870585637,0.191818123407158,0.256579851506757,0.0421050634659327,0.0706609121978129,0.573866150073556,0.0888391892382232,0.154938047776149,0.554212674252137,0.482206854350069
"1606","95965",-0.21398114373625,1.4178489429715,1.53425854644959,0.184695016976455,0.572608954651679,0.861101811572275,0.145894154971126,0.118031427241062,0.329266550938886,-0.257197092899876,0.170257027519691,1.81988792586955,0.00227753340516203,-0.142435315498314,0.0102181992201739,0.0121133896777379,0.0440578607525914,0.114121777702616,-0.0894890931569349,0.838953419625923,0,0.135268429966495,0.118141907935877,0.962708661083409,0.308997654914027,0.183858443701625,0.254671716225534
"1607","95966",0.802914728393874,1.12649490468232,-0.332192516994634,0.0676857739549935,0.500301647261879,0.486984254845825,0.0996443152544786,0.14466762279646,0.656644534244595,-0.197300093685665,0.380180694973537,0.573053698790261,-0.355610902820343,-0.15429989525008,-0.180626816085046,-0.0382145015998616,-0.080252013183454,-0.0148782371865557,0.0210481950493392,-1.56758909431648,0,0.147001200269989,0.202652620191567,0.387523049041637,0.0634852519272408,0.371293953927498,-0.636810652472885
"1608","95968",-0.112816796009037,0.0193910098251696,0.205143370736185,-0.0639579877882366,-0.130093244318449,0.00194884535244617,0.0139828493058862,0.0145386614943804,-0.190994795625171,0.00152408636272118,-0.0972858522746718,-0.236031713681053,-0.10423261283372,0.0410779746659791,0.121152865712948,-0.0607022593219146,-0.0883844299678064,-0.0632196445406136,0.142728566190232,-0.0595991429493549,0,0.0135097761749138,-0.121550356948547,-0.00383508167386549,0.00642278099180301,-0.0959174510096429,-0.0855393943118144
"1609","95969",0.532462802293333,-0.768138131941834,-0.446395889670351,0.348544333909987,0.824892990953893,-0.0429823584161995,0.339194323486457,0.474046463178631,0.426018208370334,0.450487644813243,0.553280328630497,0.302302181258287,0.681541382109869,0.790007078105714,-0.0673768956109547,0.438852422761349,0.651979503371061,0.719314534435836,0.852748188719406,0.682227655993921,0,0.412835946123526,0.0480184297556434,1.5945096312363,0.239754938506358,0.0123727497364336,0.354782017712077
"1610","95970",0.0453125297609562,0.210188596508585,0.0209978624514131,0.0288013953727079,0.0727008432275855,-0.0322937186641421,0.019240935001296,0.0276167331356195,0.0202193828172011,0.048465151882046,0.0028502602033165,-0.00652677919262406,0.034121664264018,0.0542152935050316,0.0742664053637441,0.0019442663991257,0.0121272240470964,0.0397496551251581,-0.0125514952144579,0.00382410219913908,-0.0116538643064387,0.0104358093801061,-0.0185940320242166,-0.024246927278998,-0.0133450558830983,-0.0229949867520034,-0.0188684795040773
"1611","95971",0.058685554053126,0.444214213521024,0.625352501074519,0.126662455396133,0.142956616677208,0.249826287442988,0.0413958191831643,0.0630675550279337,0.0858277869868411,-0.152106129484391,-0.061364755062691,0.00257270134551067,-0.0772176095139943,-0.213865088094085,-0.13437520171561,-0.0484414491706238,-0.158029881792168,-0.0272183963127577,-0.13550113333751,-0.392581315115684,0,0.0366999030371937,-0.043790394669256,-0.484920462881521,-0.0437614350894742,-0.0735906746638075,-0.102670900054197
"1612","95973",0.29648933810713,0.488768654756838,2.9630850417539,0.111287056878672,0.142790492101331,0.948862525288754,-0.0299298299821011,0.0770168322777641,0.274435443882833,0.446264111975531,1.18479749491053,1.57644592995737,0.199173144030248,0.612088781999967,0.570553041390281,-0.0647247718373748,-0.0365896303935058,0.301420741005348,-0.265109806073501,0.873171852168602,0,-0.0729544559337148,-0.242707490728084,0.331715602078505,0.070436487446536,0.13477603807981,0.397678416997595
"1613","95974",-0.0518521867482133,-0.0355258246717825,-0.0168694705376197,-0.0315291748854198,-0.0664353076333978,-0.0653028493810993,0.0349253302608142,0.0236135640887024,0.0274443491332006,-0.0501538644550628,-0.0358749336293607,-0.0414829502269187,0.0225653710704614,0.0138409523133266,-0.0675737852427685,0.0112308154208661,0.02105774877595,-0.00279436067343112,-0.040375823404686,-0.0621441020961401,0,-0.010620971405593,0.0388208658035924,0.18987028937569,0.00898207078975553,0.0176619771809366,0.0109969403080761
"1614","95975",-0.0123605376701788,0.0650385009004004,0.174392496197539,-0.038147675518452,-0.0355950482339228,-0.0432574278355512,-0.0361657520170413,0.00537697816710121,-0.036254570540369,-0.120845298093129,-0.108030899931822,-0.09596925467481,-0.139781123463429,-0.119236722588588,-0.139055151106214,-0.00988365693452085,-0.0540859712842193,-0.054116718258333,0.0204165515036655,0.445688191925784,0.958850606592843,0.0713462106037921,0.149247756281865,0.200617607738442,0.0381684028592524,0.0948252855485219,0.107363863049723
"1615","95977",0.0300103282537165,-0.0886152991951615,-0.0752604196662313,0.0111586266796906,-0.0298381578004036,-0.0358031915698746,-0.00751245899425278,0.00718763907049549,-0.00525553896707147,-0.0308596158286763,-0.090645813831119,-0.0860727683474861,-0.00679173529593718,-0.0165909272083895,0.013042313556106,0.0126402925595617,-0.0159231509242472,-0.0130706386062961,-0.0782514022636946,-0.0423625288364455,-0.0809604991400324,-0.0167141036837648,-0.0728864590795003,-0.0840245923037769,0.0133369010667279,-0.014088671981257,0.0191748810784426
"1616","95978",-0.0199562031011438,-0.00361158739836744,0.0100617201804379,-0.0191740065992539,-0.0223483452778349,-0.0271467103037074,-0.0157317877308159,-0.0228286060034582,-0.0262190158446474,-0.0124977682372292,-0.00605031440964918,-0.0156602611828218,-0.0133300185714323,-0.0103636141858604,-0.0254972134551161,-0.0167790280403159,-0.0153491318728367,-0.020146205323827,0.122059851768172,0.00931049256704535,0,0.0671108620783482,-0.0265073303657645,-0.0164436647526035,0.0224778008547043,0.00761811522884685,-0.0282896598715887
"1617","95979",-0.0403844681436564,-0.0192356933245925,0.0115704436746214,-0.0194828400314282,-0.0454710384920835,-0.0399048421295167,-0.0192719899206395,-0.0256438484656194,-0.0429067327901765,-0.0224543368818388,-0.0110175932697953,-0.016501475280832,-0.00104848300064977,-0.0133459452364683,-0.0226085541031582,-0.0278135851132121,-0.00858081162063522,-0.0299239702848297,0.0298885637507233,0.238163400960334,-0.0255982414247743,-0.0140265137177106,0.0603541585399471,-0.0223611098874252,-0.000158667155395296,-0.0192169143832045,0.0177360071683179
"1618","95981",0.00353983491059133,0.0216704736719884,0.0376083391739938,0.00013969601443136,-0.00467490276310163,-0.00768606471118614,0.00375984275122652,-0.00131551810370048,-0.00351371436293009,0.00326736394126389,0.0141466939771134,0.00480087094667894,0.00541272405996573,0.0168327096748485,0.00596052760480653,0.00155466147348037,0.00584973970298136,0.00329256080202333,-0.00386122995005922,0.00825991286868952,0,-0.0157942780825731,-0.0210726484108963,-0.0182333524272676,-0.0212280732831279,-0.0221660885589258,-0.0209185215756607
"1619","95982",-0.0233995904605377,0.156439293617422,0.929327820374339,-0.0462294129573403,-0.0627717795874479,-0.0873092605078657,-0.0343393919742258,-0.0464512002546297,-0.0365627808714365,0.0556847158803167,-0.0211999214915524,0.0278345999833535,0.0898129679808021,-0.0900044073196501,-0.0718596222201704,-0.00991375607450858,-0.0507730276271583,-0.00495571479177868,-0.0310412839708077,-0.11947362798286,0,0.0577595782580531,-0.00154710565299795,-0.166404264135483,0.0324102843684763,-0.00104150988736932,0.080851437764803
"1620","95983",0.0243652772810318,0.110351874089093,0.000142311471264291,0.0477608413145387,0.0603200086513356,0.169235473652386,0.0281856191327969,0.0045586325716398,0.029134996488804,0.105834292810701,-0.0149841995649466,-0.00782630226675678,0.0324830707343581,0.0792001659207888,0.156810262660567,0.00101717960104102,0.0385483309220098,0.104689826795536,-0.0145777884412206,-0.00268155181574222,0,-0.0334390630317587,-0.0353449478683393,-0.0332406902939754,-0.00701879083447827,-0.0320883938189823,-0.0267153961042822
"1621","95984",0.000606839813827621,0.018266321648365,0.0324920873375749,-0.00287022237991784,-0.00734968252519623,-0.0109761143078125,0.00134572084692292,-0.00355160249596675,-0.005538236825614,-0.00282443186530855,0.00558279087609522,-0.00467006982992014,0.00168908826159769,0.010625485188267,-0.00409254287126087,-0.00205432521135955,0.00139706114896959,-0.00282203294530515,0.000988604750384679,0.00922898646963188,0,-0.0047905540646676,-0.0140802659938932,-0.0237046380415276,0.00295697291994831,-0.00951905669868076,-0.0113411001509534
"1622","95986",-0.0215921849291006,0.000586663561062738,0.0263988827562693,-0.0222100092745407,-0.0245356282646592,-0.0278791537474315,-0.0204013831903159,-0.0258716548768026,-0.0284291291815877,-0.0193025753561567,-0.00532041824591803,-0.0139453854047199,0.00567314676150442,-0.00942962766718108,-0.0186445335269967,-0.0147085466413782,-0.00844840475331744,-0.0356587575745628,-0.0189078161917385,-0.0171794160051997,-0.0205752456022833,-0.0207460184231345,-0.0270390920817883,-0.0318594190304793,0.0114905120044957,-0.0261543497710924,-0.027357999104762
"1623","95987",-0.305823428469987,-0.257114393833365,-0.28101904520728,-0.0356889600018214,-0.0762751461734476,-0.101050849381037,0.0240126985542225,-0.0810835699228162,-0.1531832834026,0.135077885576813,-0.285624649851711,-0.255852054839948,0.125965198806893,-0.0738401074520998,-0.128195701950293,-0.0019431646758592,0.0764418879841959,0.07795598479862,0.150292288071536,0.338418704261361,0,0.0558297365869872,0.170154490168607,0.40879524181,0.0829502240930112,0.161113790097213,0.160015839582273
"1624","95988",0.108254152721232,-0.051606239408504,0.130066531761781,0.0437305175324859,-0.0367931662989548,0.293611341180805,0.0165502189033946,-0.012112046793522,0.0715405889201194,-0.141799383464569,0.411188884253246,0.839029210952194,-0.0061248557860119,-0.0675315941333582,0.142174941209949,0.0488914848393125,-0.0267523459036268,0.0502447258542306,0.264261705717697,1.07826488250561,0,0.124739736879503,0.347247520363537,-0.233355045201607,0.0603573540473317,0.163911531819495,0.0972176838115079
"1625","95991",0.0687798238376076,0.138190603089935,-0.351739615677697,0.282402319686815,0.684799449947321,0.881424932685525,0.0967305806745485,-0.0539451005091169,-0.0104871672635805,-0.346116933687757,-0.668015991782612,-0.295901074625449,0.0917381143103285,0.0341118389429093,-0.0324621540641559,0.0882349139161182,0.179737239177487,0.28034367576599,0.116211782729458,0.156634002570976,0,0.286657872046876,0.875308204998065,0.190749224387939,0.120737459778918,0.294762657357721,0.155888572433942
"1626","95993",0.0995661913598334,0.83049065823432,-0.959985068691924,-0.121055618729256,0.233810750664278,-0.156649035072738,-0.246519220695958,-0.0718201340900295,-0.402061644566448,-0.518855898306443,-0.393944878951301,-0.832759869124878,-0.325023164822208,-0.585275227531384,-0.867666749373615,-0.164491298168501,-0.465489165627683,-0.613370954867892,0.523779812447317,0.0201340165183886,0,0.2028312558879,0.170499586915798,-1.33770851002969,-0.0599712040599227,-0.0878192632206685,-0.618402980026232
"1627","96001",-0.442624004553916,-0.565648469640388,-1.09947382241054,-0.045102687334517,-0.370286722289721,-0.4990431835536,0.0643124303556955,-0.123869437831795,-0.124932365115766,-0.0985706612536003,-0.692099260270569,0.305462997427931,0.228730021839392,0.0504062929895368,-0.392496051278216,0.15264453767111,0.187213162071792,0.223326090025306,0.613528892735198,0.646745479989574,0,0.0361451808626036,-0.32640343797506,-0.22351497939974,-0.340253605419503,-0.233018182600567,0.0680534737980163
"1628","96002",0.110169144886123,0.367543399211301,1.59091115238581,0.264848384938917,0.0741565841531419,0.518938699493224,0.0899269812212492,-0.0413566858209461,0.345822400619085,0.463958795796508,0.250666560037158,-0.521885036722895,0.258271906624703,0.490651461455881,0.463558494232698,0.0342475533034301,-0.00818438058672713,0.217250357258983,-0.0891270590047297,-1.16932866251898,0,0.0747248633996294,-0.282416160874656,0,0.0928382477081212,0.135872622112014,0.483633331629714
"1629","96003",-0.160369136418604,0.173814550046596,-0.83861871535884,0.239410722938017,-0.0496154861712615,0.328345845262188,-0.0363081608209218,0.285847216935268,0.243335603370402,0.87619363076657,0.148358306045081,-0.822443648133291,0.593317785963465,0.628990829190931,-0.165883026027054,0.186175620090399,0.299028659037,0.155987574340367,0.286004056985976,-0.379315358195393,0,0.0626640660605091,-0.24282556624284,-0.863229766860369,0.196198713088425,0.139843976466153,0.280346219211313
"1630","96006",-0.0118185537336706,0.00606590463172614,0.0191256215537869,0.0100110329867379,-0.0183858136402872,-0.0221392590241763,-0.000867098117277256,0.00661698995330789,0.0223995887366561,-0.00942318355577395,0.00714678360537099,-0.00135289508499306,-0.0152445772351274,-0.000171552070907612,-0.0074396567795088,-0.0259195778424248,-0.0193621151176339,-0.0211016212322437,-0.0352580012182398,-0.0092907858903777,-0.0230378594865482,0.0114446700138061,0.0276022914546203,-0.0386256126845513,0.0141654884763837,0.0445051399790705,0.0701292642671783
"1631","96007",-0.410935726998999,-0.374138700374762,-0.784108668925388,-0.217124039075707,0.0800416926154205,0.343535684164376,-0.116243285061462,0.00952361717050689,0.240659125858267,0.031515254305301,0.480398971044449,0.116901508330714,-0.0228184481741657,0.241378929798458,0.538491212589134,0.0207129827889199,0.0592073990480998,0.507227198216394,0.622596714964974,0.630114622805468,0,0.233052997245897,0.246246259037565,0.42430725181291,-0.076313024476631,-0.191767002037931,0.365652739983637
"1632","96008",-0.0503627925127489,-0.0913624864975172,-0.0522194505853544,0.00887064299537827,-0.0326649369807332,-0.131369773241457,-0.000653046552334939,0.00473881458231147,0.00682259863627665,0.0919710537537299,-0.15907610906213,-0.131426603420853,0.00824332338741714,-0.0584986590165479,-0.164996864069005,-0.0106447512033332,-0.027105931097707,-0.0197598565808813,0.00943859685616397,-0.0363336600012799,-0.0258226856359951,-0.00185758348033963,-0.0522269735634494,-0.153327338913552,0.0298103169403896,0.111067948674549,-0.0397618435604961
"1633","96009",-0.0234106581745679,-0.00713406711534502,0.0066418059746159,-0.0246934407434427,-0.0280443285837607,-0.0320192309186205,-0.0123749536193881,-0.0301637652361143,-0.0273525006107822,-0.0251278150424144,-0.00692849222538003,-0.0141308460018257,-0.0284216220070821,-0.00974474915920712,-0.0180873449208936,-0.0323555985812947,-0.0201697346107082,-0.0184535629356961,0.0296389926273005,-0.0508534174844777,-0.0606156776732483,-0.0150037118094427,-0.0485821648547984,-0.0435697148059323,-0.00664957776089414,0.0191450072172727,0.0160717262887653
"1634","96010",-0.0213495414184087,-0.0066292482308745,-0.0110974081503118,-0.0219028142824746,-0.0263408983423521,-0.0284514585970166,-0.0231348949125549,-0.0265620071954818,-0.0292952016261589,-0.012248005663184,-0.00213682330308765,-0.0110663034756048,-0.0145736760137429,0.00169275938094505,-0.00861516748941651,-0.0181456802834283,-0.0111016722204929,-0.0101521954553862,-0.00706509863502169,-0.00275145032048032,-0.0179034990930337,-0.0106128937325262,-0.0160307223452426,-0.0235156415273663,-0.0176675095628869,-0.0190170082808548,-0.0220580331681851
"1635","96011",0.0544239689007652,0.00881288545197826,0.0146613914564791,0.0147351795863972,-0.0197774687293653,-0.0183292552274948,0.00126479463814567,0.0107847243768398,0.0272810631334409,0.0552617863709386,-0.0217302028950368,-0.0262542831812162,0.0206762325980009,0.0579568188583845,-0.0252194279196053,0.00375992907897125,0.019336154144914,-0.0170150687474644,-0.0156244078047135,-0.00268104020779027,0,-0.01263341771605,-0.0124772619034445,-0.0152330585754191,-0.0179166363146949,-0.0165468857657038,-0.0123802830645055
"1636","96013",-0.206113452720485,-0.252781397820672,-0.299774609897209,-0.0259251681097188,0.03008929209413,0.0975555588726979,-0.0862236066820902,-0.0296381727198654,-0.0869409619487339,-0.0415011046749631,0.27182258330442,0.75966801585099,-0.0452335782014939,-0.0778982111002296,-0.139380528698169,-0.0847903568428456,-0.154814491674421,-0.096171541380971,0.0423317280127894,-0.412075560477176,0,0.118616691042819,0.021704666291834,-0.317253393682043,0.0610850183863421,0.0564852548323623,0.0292715454376705
"1637","96014",-0.00706414014378884,0.00991820203609401,0.0331529663174068,-0.00665023747829375,-0.0114784384849121,-0.0117109265260231,-0.00462067259321307,-0.0098891276320905,-0.0123297036585123,-0.00096165574641249,0.01079749711019,0.00150717709524851,0.000384609486919967,0.0133329790132058,0.00265078877014207,-0.00290103188235503,0.000615790372309646,-0.0026114619802214,-0.000581514785728186,0.00939487730472313,-0.00486571404945459,-0.00785900078726766,-0.0126496465241968,-0.0130279781809386,-0.0148827305816068,-0.0174771642637149,-0.0221193830099717
"1638","96015",-0.00451222982948121,0.0123431644104165,0.026550784200119,-0.00714665740139039,-0.012227983511672,-0.0158130878382793,-0.00555013728814561,-0.0100739643707939,-0.0111488331477367,-0.00383452928899182,0.00865218182491506,-0.000965693681035703,-0.00990093654881694,0.00108683904960677,0.00161813344292257,-0.0118081589166869,-0.00720104186752203,-0.00160012176107038,0.025441638433404,-0.0442080520166322,-0.0313586451362548,0.0588727816359512,0.09720192698778,0.157773953687452,0.0129522540349568,0.0231856020937212,0.0234829985841286
"1639","96016",-0.0237220372481106,0.00454549480358457,0.0313565967330353,0.00133257398777526,0.0205090151626978,0.0767167023906862,0.0213221908075279,-0.000968675785701314,0.0180327159821787,-0.0210724163035292,-0.0194164202098767,-0.0255772562414873,-0.0208466832293349,-0.00415170990691481,-0.0162403654333974,-0.0254386069086875,-0.0215923128652496,-0.0256970069184182,-0.0318366698829745,0,0,-0.010282767372203,0.0393137040094713,-0.0484954310175235,-0.0264833905988719,-0.0103999541266959,0.0163418541261194
"1640","96017",-0.00350512768711547,0.0192838181111773,0.0356640033066207,-0.00819134440834355,-0.0105873339123851,-0.00978092209803788,-0.00470124341267401,-0.00621964039573889,-0.00691860519067753,-0.00296106601088155,0.00672051266722449,0.00244724717867824,-9.95861605783297e-05,0.00970229127093017,0.00019674418054084,-0.00294146117764657,0.000672317161539717,-0.00209182562076918,0.0419875815927073,0.00966727250167971,0,0.00442312377577781,-0.0307256763398323,-0.0227478954634495,-0.00961859281042386,-0.022332455378904,-0.0183705451795768
"1641","96019",-0.168084587429083,-0.221709429116737,0.254614036314765,-0.160967883962506,-0.259598082265341,0.050484978610224,-0.00292138086129135,-0.073328357266477,0.0129975545725806,-0.130446904048141,-0.501074290706599,-0.75611056653799,0.00529181927101312,-0.0472154810999234,-0.257356421960253,-0.0400578408147695,-0.0551494831934876,0.0912174886885911,0.161800780622788,0,0,0.0538790228343905,0.343324905175046,-0.0530394903119302,0.129735448018026,0.185339940673518,0.155897132702419
"1642","96020",-0.0706649149116657,-0.179528713120198,-0.169308456250903,-0.00142411396187694,0.0129219667388485,-0.219068718186508,0.00999105885707658,-0.031217738799489,-0.000967452539989699,0.00494416145686979,-0.289280639926585,-0.243971329011607,-0.0256315699961097,-0.141752083965771,-0.047957163060336,0.00736792210381641,-0.112620015883986,-0.0809624127826542,0.103361985250482,-0.211826025226386,0,0.0716905245407661,0.082848718026648,0.232734285032587,0.0995981039396463,0.111351679921753,0.227921749746832
"1643","96021",0.134038584393476,-0.000841617826212614,0.118698843335639,-0.0197418459040289,-0.00379759043182635,0.112043616494434,0.062470997685251,0.157511758748283,0.0351603923248376,0.356406596992258,-0.202089941114326,-0.752333909702691,0.105082147485273,-0.136391212088033,-0.186275739254383,-0.0326810832408565,-0.159018475389158,-0.208896351792065,-0.0968616836593513,0.311947394593594,1.00108968821835,-0.133708338280287,-0.209874139193448,-0.342318787868387,-0.0235169062554816,-0.0522387838902456,0.141194368018012
"1644","96022",-0.180241964670431,-0.259598814382745,-0.991312543203057,-0.104690732781504,-0.249296042102656,-0.266968265543144,-0.0620164613946217,-0.0235625154253106,-0.221664477699126,0.009885995568126,-0.221510361663974,-0.896579183950624,0.0767977576280838,-0.0680118269884032,-0.357209745652463,0.0304660679897213,0.0293372221450352,-0.321470630172901,-0.465885778402299,0.906361164239754,0,-0.28928398876424,-0.0992869000447096,-0.561178293315216,0.00406935136776375,0.0811622725018415,0.202366398856286
"1645","96023",-0.00380439328483966,0.0106258859694665,0.0278101145213209,-0.00574459859266421,-0.00925910527855117,-0.0108995578874925,-0.00268857504680401,-0.00703407021542509,-0.00907106106593886,-0.000632189702771175,0.0118958870570547,0.00056312427185782,0.000936623111717856,0.0132597493872673,0.00330455044280449,0.0219442366480821,-0.000915672646366021,-0.00355829557430479,-0.00548097334309384,0.00594689226875834,-0.0156720169464754,0.00452817397976163,-0.0240882230935388,-0.0226291361827027,0.00501729769229277,0.0338695115388182,0.0257841664859363
"1646","96024",-0.0636261989651186,-0.0396661269276114,-0.0178411659440064,-0.0472058322758329,-0.0753523591991237,-0.0663283544446236,-0.0751868544276685,-0.0841947350066916,-0.0791296583913345,-0.0560000306645352,-0.0454137654784824,-0.0513083471753701,-0.0503919914929009,-0.030528607671808,-0.0322901378137094,-0.056828682970538,-0.0574407345806401,-0.0552844391575966,-0.0639830318333143,-0.0345356033928496,-0.0494092713750581,-0.0801519997886657,-0.0719363745343957,-0.0522437497508038,-0.0493646694146184,-0.0385816292316336,-0.0285637527559905
"1647","96025",0.0261701382186165,-0.17187411701293,-0.145417151813199,-0.0619572281901761,-0.0487834403845857,-0.0270148723880256,0.0277277707174102,0.079649955890528,0.0539861862084787,-0.160851462835595,-0.133617921959429,-0.12968310602197,-0.0489501836847971,-0.00536231946836146,-0.169166423428665,-0.0834835002111985,-0.0891074971560379,-0.187014824167725,-0.0591803372463674,-0.215371387806676,0,-0.0301639102907455,0.0504855933089704,0.0299883585594716,-0.00131358510919365,0.103692267969768,0.0363564173155628
"1648","96027",-0.0109877337105383,-0.036630098225788,0,-0.0229381855853513,-0.0255699116271859,0.110688124140358,-0.00791107663957817,-0.0173975536634949,-0.0246274278188706,0.0049038858312577,-0.0273764174610855,-0.0423228243198739,-0.0148045886603991,0.0220731055530609,-0.0543327128734992,-0.0275984637630198,0.0197683895479881,0.0450747545237475,-0.060274936379303,-0.0129612300198933,0,-0.0508195578544291,-0.0754026420799439,-0.0475515113901139,-0.0502278091229786,-0.0421698274746405,-0.052915931282668
"1649","96028",0.0497720286824937,-0.0751197063583702,-0.06053822504097,2.31971849165067e-06,-0.0419731266677193,-0.111435704165131,-0.0116349150456632,-0.0423524000826106,-0.0559423569212388,-0.0190370071134208,-0.0580036599967276,-0.0774355412577106,-0.0184659439540367,0.0825792879630611,0.0904426921514871,-0.00524236074984123,0.0145565773535583,0.0770094440955163,0.126294873697193,0,0,0.0365430774753537,-0.000914317864506991,-0.104272593397191,0.0397486625864297,0.0264249737290312,0.0480865243107905
"1650","96029",-0.00704699175474036,0.0101743749601981,0.0239070538727088,-0.00976907889262661,-0.013703934133202,-0.0166025246766354,-0.00401686125813093,-0.0100362345564743,-0.0121057427632645,-0.00952319768227044,0.00582760542385721,-0.00353898452896699,-0.00488311228117955,0.00839604243826577,-0.00228562393257142,-0.00666264352909112,-0.00101401614054528,-0.00445009175445926,-0.00547991143091988,-0.00532098086694721,-0.0226735372999304,-0.010261784948364,-0.0155010478976162,-0.0182887857953167,0.00205964081196637,-0.0189419031465185,-0.0174620643786437
"1651","96031",0.058767923008872,0.187154689942958,0.0372780819650823,0.0503197428586985,0.104318054263728,0.131047596310453,0.0293832285692732,0.0404431604505783,0.0287213700387969,-0.0023187414243544,0.0047606593227598,-0.0071142911254542,0.0543943389224087,0.0706910338028948,-0.013426775526027,0.0262790418335719,0.0230215513440443,0.0409059356089727,0.00277579114461383,0.00965925715303386,0,-0.00220272422926274,-0.00886833724096942,-0.0134792489975572,-0.00712949584402324,-0.00764272273961924,-0.00970340061839962
"1652","96032",0.0911919244054756,-0.082566869402061,0,0.00222948554940407,-0.0506525714417689,-0.134779176534189,0.036496699149864,0.0665361665500528,0.138642215041601,0.0837324217832233,-0.165947451948871,-0.105492435336216,-0.0289152966039073,-0.112699235156697,-0.114790467536474,0.004053516990528,0.0337286631234558,-0.0377274070535939,0.0361935275862322,0.463188268619364,0,0.0448793173691874,0.195477438517332,0,-0.0173732470042788,-0.0290142290858899,-0.0667308181193292
"1653","96033",-0.0430083371757895,-0.0316154133743939,-0.00788488224054945,0.0448824797513719,0.0147344450686543,0.0676744898476582,0.0398339192397683,-0.0152712772274256,0.00609960814926822,0.103230578828499,-0.0317784196628232,-0.0401674374520702,0.0505560076514474,0.0307485193578472,0.0585691608212178,0.0486111392653113,0.0470313587957786,0.0839230554172743,0.0444592865376026,0.0111476061402915,-0.00496836702270406,-0.0154644433324259,-0.0486117681424157,-0.0498606653203096,0.006657648390472,0.00303839009629907,0.00376950825699477
"1654","96034",-0.013060772597189,0.0101859894441795,0.0177169296025862,0.0414102874276916,0.0907691511560284,-0.0325291494143383,0.0185830860047386,0.0299205586185262,0.0149046861162715,-0.0172988891635874,-0.00231348945976152,-0.0138547004692675,0.0187774542407772,-0.00575931604707046,-0.0128750488384855,0.00469460711747386,-0.0113389348531996,-0.0132530448744456,0.0513410617831035,-0.00571013959969318,0,0.00645894679176986,-0.0291227685571047,-0.0325711554336585,0.015628871810767,-0.00180704271659299,0.014681738418483
"1655","96035",-0.0464970189414624,0.0473623289173143,0.197835139267212,-0.061020825768675,-0.100007837152945,-0.0571545994423511,-0.03372587676758,-0.0481325097572068,-0.0275650775205356,-0.0875182827507711,0.0639995795301731,0.147752913866089,-0.120182622602498,-0.0559655763964229,-0.0208468004539777,-0.0849606852700794,-0.103303583170606,-0.0633557282396765,0.0434725305735802,-0.199340378574178,-0.179647157536107,-0.0484126252524514,-0.125565384502617,-0.212645504753078,-0.0532495324943066,-0.0229745545732417,-0.102797906045174
"1656","96037",-0.00856834383860029,0.013501876944505,0,-0.0100921869010107,-0.0134662682339884,-0.0123145139972998,0.00626172141605966,-0.00993741119492298,-0.00962593043964734,-0.0103819062663433,-0.00366835429418783,-0.0133692880399557,-0.0116323234934072,-0.00119307028740442,-0.0162154457758333,-0.0117070204970723,-0.0080076724792322,-0.0126660211805832,-0.0125908542813509,0.00833253309412803,0,-0.0174779012903347,-0.0213053452158329,0,-0.02602557718849,-0.0263882037247366,-0.0297644569379505
"1657","96038",0.0886635651614371,0.100373114183974,-0.0680376629652752,0.0513312680841487,-0.00246601204655386,-0.0563770937841042,0.0409075772149433,0.0224900104405988,0.0107085646932419,0.00650573005283004,-0.0284360606427688,-0.00512749876717976,0.0246968492696521,-0.0415106117529126,-0.0428901138742716,0.017220437598556,-0.0173513504437909,-0.0515553097633777,-0.0423754742457913,0.00244703905199623,0,-0.0406590558946419,-0.0276625763135925,-0.0256134179967677,0.000929144973402476,-0.0133676918537628,-0.0467445896264172
"1658","96039",0.0261469438248362,-0.0128697906145721,0.00337003403056447,0.0268508705586666,0.0104076638044076,-0.0706739443787444,0.0111276522852083,-0.0174996841302329,-0.0110314045763141,-0.0811646701307712,-0.0487927116878265,-0.0666389233991523,-0.0241464726031221,-0.0543282618742621,-0.0715263734690341,-0.00543755142381842,-0.026817906655795,-0.0544114782487006,-0.0676687460890018,-0.0740015071207977,-0.144526174919255,-0.0629650745084942,-0.0886217080476364,-0.0986770290511127,-0.0401349799371137,-0.0669337655714258,-0.0739827274271465
"1659","96040",-0.00644931798223076,0.0114087703962462,0.0304850891167464,-0.0144508409974695,-0.0156665944840682,-0.0171899252826669,5.92546115136746e-05,0.0107644391264716,-0.0126490079095015,0.0593477014606367,0.00906896274453114,0.00090974873514237,0.022850792445812,0.00504717973171847,0.000981317984514719,-0.00209417121598408,-0.00941615850812282,-0.0066833797761875,0.041480218808913,0,0,0.0031862348019481,-0.0221585099522881,-0.0138446943606518,-0.0134986499216729,0.00259061608510487,0.0328854396655281
"1660","96041",0.0652523928296653,0.642674459683567,0,-0.0180585473547277,-0.000243312006910805,0.177793540021153,-0.00210036579540228,0.000221649968962638,0.0867479591551244,0.0552830063520214,0.214015583384729,0.316031340676248,0.00549521839145078,-0.0363236623801403,0.0260997417938122,0.0201136183110483,0.0453092023838302,0.0936671156260275,-0.0326247735093364,0.0384818974906368,0,-0.0787950956704929,0.000319149074215352,0.0698643380547968,-0.0989559778405272,-0.0337493340944972,-0.0587706857415849
"1661","96044",-0.0214172464487726,0.000402283862325955,0,-0.0337874950780205,-0.0305691244683591,-0.0367802521146429,-0.0430729469550135,-0.0466778836067147,-0.051659389717462,-0.0310034973248154,-0.0129133807523611,-0.00882082354596445,-0.00283258124520276,-0.0102351467126449,-0.00926925012190668,-0.0343544831415261,-0.0409196895507929,-0.0418723585387967,-0.0491025487417346,-0.0314964835703255,0,-0.0477106886145783,-0.0441011731000688,-0.0407963368506845,-0.0256971402332465,-0.0550525261995976,-0.0539002561804494
"1662","96046",0.00227806942349279,0.0199439963659768,0.0348660001940314,-0.0022974419192268,-0.0056359421562677,-0.00852618666191625,-0.000109846824345537,-0.00370666158182793,-0.00505072488945875,0.122553691707192,0.13721863991633,0.00171445414663781,0.0422184950775674,0.105071484101029,0.0945925393895808,0.0157681733022406,0.0422865714788253,0.0873730815066478,0.0562260163489642,0.00588803238080372,0,0.0172855456412522,-0.0199350440284665,-0.0132487893151719,-0.002490835308614,-0.0186611327238942,-0.0173604681517825
"1663","96047",-0.00878930742164513,0.092631174069836,-0.0400005578141775,0.0463914277951264,0.0734676099789028,0.122388051697229,0.0193842000240435,0.016504556449291,0.0306937190223507,-0.00518258776704645,0.0945250058376268,-0.0711247414826435,0.0296473478424076,0.132409011755907,0.0279240138406427,0.015227810683856,0.0574152705309035,0.0775304027576709,0.095790519176296,-0.039489700830798,0,0.068804063717831,-0.0432664623787329,-0.0264778725198131,0.0276854256492173,0.0165721495517401,-0.0436399372019621
"1664","96048",-0.0117879704312685,0.148626164672852,0.00309627402493317,0.0503247285501969,0.108578153644758,0.165538660008893,0.0490880060320394,0.0762375094263797,0.0756100774459696,-0.0435160244981553,-0.026387948040189,-0.0372084530430953,-0.0578099755153614,-0.0291766053238978,-0.0409150305342829,-0.0348247231867258,-0.0270299847772857,-0.0514567493360891,0.0313302769765688,-0.065256543904086,-0.0963781437706828,0.0192244330747295,-0.0585096814672511,-0.0660649027166384,0.000652275149684174,0.00583821369167005,-0.00370306135229764
"1665","96049",0.128412020631509,-0.0915714594120547,-0.0322105388117679,0.0812497140888634,0.149644997412433,-0.119743062351097,0.0171126636607981,0.0274936576330123,-0.0813337430720904,-0.146800783528438,-0.135470590624186,-0.125293119052076,0.0236326159465402,-0.032090882755553,-0.0516129599069453,-0.0367232518130691,0.00510259270123702,0.0031913592620526,-0.107863662179885,-0.160932021182839,-0.096019177055199,-0.0704423538050844,-0.201131588704617,-0.194442193471783,-0.0656242849662681,-0.14083906274135,-0.171963139775744
"1666","96050",-0.00715990802398912,0.0118803516893284,0,-0.012149800983898,-0.0139518469896988,-0.0155814229713494,-0.0133621370947149,-0.0127316580901533,-0.0120288430224184,-0.0102409938166233,0.00200053805995325,-0.00356191635076462,-0.00670371831697943,0.00549645848297968,-0.00445126472840222,-0.0128823549884482,-0.00813857104028313,-0.00881270403530007,-0.0368252921351952,0.00235372409087794,0,0.0527016546986151,0.0727355186690342,0,0.0218928192887202,0.00180634344434213,-0.027548419323147
"1667","96051",0.163063798511125,0.203786899502764,0.241565446304694,0.107863670963293,0.0432176093645797,0.105968076718773,0.0275810130876356,0.0239895577264592,0.0311533881705303,0.011921130904433,0.0169119231904639,-0.0573189657368103,-0.0217514952160501,0.0364666389787678,0.0203861214467588,0.0125541599143328,-0.0038681722712368,-0.0252898284837896,-0.0846536328944077,-0.0672931761819436,0,-0.091428337814051,-0.16097438241009,-0.155301961964046,-0.00975714308470618,-0.0511621121646112,0.0340097316607795
"1668","96052",-0.0937568038824558,-0.0779197303829808,-0.0608730720666854,-0.0942646133712493,-0.108056940391931,-0.091878594371588,0.023502342951733,0.0183393981269944,-0.0391414360080341,-0.0165369767342668,-0.0763563329944222,-0.0579253409626189,-0.0733878337210264,-0.0862682297884337,-0.0922613510322347,-0.0424778848863783,-0.0195806918429121,0.0154493380701475,-0.0183050539827656,-0.0853385584747163,-0.0906452334124151,-0.0576937496212869,-0.0688244417196881,0.0129210750800476,-0.0417598216495669,-0.0362626694663331,0.0192521151126986
"1669","96054",-0.0252080244856193,-0.00209747651509683,0.016064051510021,-0.0263036080840401,-0.0255345594294831,-0.032771313039879,0.00473751412526441,-0.00493576656540341,-0.0266885724772841,-0.0196452146545027,-0.015287003119428,-0.0310403417377282,-0.0163926599484845,-0.00520443069432396,-0.0171787819479508,-0.0240287271148406,-0.0146868271673037,-0.0158383835939866,-0.0163450864679641,0.00360478103427069,-0.0103384122215394,0.0120630693093102,0.0410093355266345,-0.0398190272965096,0.00628549894917772,0.00643542286694698,0.0293557826121741
"1670","96055",0.0161265247395725,0.208132570905856,-0.104063924511574,-0.0491817658371478,0.00198305914967353,-0.0916746518568248,-0.0943880652290783,-0.0589105659205146,-0.0968041139753428,-0.00298947204357755,-0.0468222671834766,0.0503817899226797,-0.0378633332392658,-0.0510938077078775,-0.142359172350467,-0.00434970968844171,0.0979163290302151,0.0221824736550325,-0.0601361888422471,-0.0942901944069128,0.0355790376102723,0.0199914151400105,0.166110947715255,0.188804801111561,0.0403426223716359,0.0695408289180761,0.205774981683909
"1671","96056",-0.0985126058507174,-0.0683967998258676,-0.042845959769758,-0.0911623458775285,-0.0875564988113093,-0.0825583076170304,-0.0974213319349351,-0.0892448122475006,-0.0860403068510156,-0.0559298762692993,-0.104662918735,-0.114000217246129,-0.0676555102612414,-0.0145358503331806,0.0604648837696769,-0.0532589927184858,-0.0334538161775154,0.00103621106786065,-0.00848716623178597,0,0,-0.0387987667985498,0.0172290076162101,0.150821122022854,-0.0514346224329534,-0.0468116892055386,-0.0109103507176854
"1672","96057",-0.0629404504307599,-0.0380633994417016,-0.0369767428082167,-0.0583025356810541,-0.032819308616104,0.00928200250181194,-0.031264092660736,-0.0575085175737416,-0.0316766767928452,-0.0493172404847458,0.0410850528547904,-0.123152078216175,-0.0327714908055605,0.0675411399132032,0.0335728651273497,-0.000713482532528727,0.015915302817997,-0.0225115506813887,-0.00330885045586199,-0.0685931894040657,0,0.0245889516494488,0.110891169499001,0.368852709050048,0.0209097125583437,0.0680025845623166,0.0552705001845415
"1673","96058",-0.00533499977842819,0.00983890382744486,0.0250175741770631,-0.00590139915378775,-0.0113595080569,-0.0160613852146577,-0.000783196597326462,-0.00590367721250713,-0.00827623762133438,0.000339628346370253,0.0123194184734732,0.00220186795538445,0.00347039364742772,0.0149362805285349,0.00485192242700158,0.000885186706519144,0.00452651670838448,0.0025638868208772,0.000410855659157986,0.011176910159611,-0.00806696757372769,-0.00416262950645418,-0.0100132285296182,-0.0159998709576669,-0.00923401428565874,-0.00982738794445974,-0.0106967782517467
"1674","96059",0.0437269831798639,-0.00051727085274657,0.00903753477365709,0.0387796764551191,0.016958721182024,-0.0346359508936336,0.036089392468208,0.0601181917003085,0.0281108345968602,-0.027448008967474,-0.0164482992305951,-0.0260683091217333,0.064682469816793,-0.0292397338416142,-0.0376126082804937,0.0239446885623487,0.00422166118182345,0.0184720025083807,0.145482024042897,0.0404707810548975,0.189575710802211,0.0609252385170372,0.0484741752668227,0.025785251041532,0.0788452808026477,0.0367062653110957,-0.0196986787829772
"1675","96061",0.00418033643005477,0.0223764413797711,0.0379385963829053,0.00133125056217655,-0.00380546757223304,-0.00681357987120717,0.00535627024748154,9.11218869183414e-05,-0.00219536978080051,0.00357393091196262,0.0142668157812461,0.00502703240526519,0.00629262583347877,0.0177035725706936,0.00683853624662404,0.00361939076793393,0.00683826101620853,0.00407924483276093,0.00373469601645053,0.0103838234514906,-0.00259868702729134,-0.000679245913488816,-0.00786301655625469,-0.0114107862314891,-0.00530526377315454,-0.0062086544159454,-0.00847520413903356
"1676","96062",-0.0605097445137106,-0.0414492088271015,-0.0159478975324355,0.00356988690601472,-0.00703733671003778,0.0366111739445766,-0.0281287721841493,-0.00588948322946772,0.0176978754794308,-0.0814450106281852,-0.0729519904728929,-0.081831371603185,0.0123036836409598,0.00484048335422401,0.0371445006359905,-0.0224241006074108,-0.0234686417596081,0.00291470281356324,-0.0618639628587389,-0.0522070579283003,0,-0.0383826414996097,0.00580575144536791,0.0760877562667513,0.0307158395528516,0.0557778086968034,0.0771742530166269
"1677","96063",-0.00285235535327283,0.0179837656053354,0.0374567457010508,-0.0084116141727788,-0.0125667323940478,-0.0151968133072066,-0.00492424956450798,-0.0095341186804915,-0.0113160557499185,-0.00138283193089532,0.00446066312498114,0,-0.0026956877324735,0.00734394972666318,-0.00269392658801995,-0.00699351519879758,-0.00335512437677456,-0.00621685074188581,-0.0111762406422964,0.00619543556425445,0,-0.0107183043857646,-0.0123592960532525,-0.016119741914557,-0.0136878818575135,-0.0108722482238513,-0.0114983653643983
"1678","96064",0.0827886162447466,-0.0265742631159387,-0.178496177780704,0.0390164332674738,0.0274605527422041,-0.0585648560456594,0.00393981491699682,0.0791183599211004,0.154861991361721,0.0681806543364453,0.124263542625501,0.38644145176774,-0.015667281309081,0.0320167732220867,-0.0140897316534241,0.0271086316070262,0.0443319787101719,0.0524208197700686,-0.163608200974332,-0.316526928195358,0,-0.0191758458504884,-0.0639095086564826,-0.17384738913542,0.0189809661242835,0.0320316680763141,-0.0565355379836851
"1679","96065",-0.0190549435863194,0.00647697895747022,0.0276012351352346,0.0227366580059987,0.0160220288288297,-0.0387970126019481,-0.00458725009387974,-0.012249015776567,-0.0400278901855274,0.0356170172111789,-0.0123777503884825,-0.016291073996017,-0.0195600010037027,-0.0605248600723256,-0.0698600651072205,-0.0214142020315436,-0.0585949836575085,-0.067330002936073,0.0305861736117108,-0.0167761637045256,0,0.0418551845744715,0.0679668333778386,-0.035216422671752,0.0112540739036787,0.00274768633985214,0.0045072640211634
"1680","96067",-0.303576788065261,-0.239424344684646,-0.464817282678798,-0.0380966654346451,-0.120472746081294,-0.157036389722354,-0.0470882159294314,-0.159637324933527,-0.226233660161946,0.135757400178218,0.0473352453647733,0.0993886636019753,0.158070112957603,0.103326356472567,-0.0416309788106258,0.0887784341442223,0.0542884658942082,-0.106172780482177,-0.00992732370815174,-0.370126701352038,-0.433925258931761,-0.0367599004100744,0.10512375965359,-0.148822398876009,-0.0958803222945386,0.0276445721660235,-0.09707657783984
"1681","96068",-0.0137728065144217,0.00258265727643859,0.0352921839855023,-0.0189067537472953,-0.0271984500894188,-0.033348589629529,-0.0132799363615707,-0.017162286430128,-0.0203741306729318,-0.0167095969131339,-0.00297385757370335,-0.0125204267460902,-0.0164493634567094,-0.00128354929177956,-0.010530648195765,-0.0136077529694615,-0.00842328367544759,-0.0100094800037238,0.00220236831678318,0.0091473711960477,-0.00485597893390909,-0.00263084842157983,-0.0099033156034377,-0.0138309782954341,-0.00865618479962846,-0.00838494128915612,-0.0106956344341191
"1682","96069",0.0143258955974237,-0.0341072377157184,-0.0181552175786852,-0.0285041768552448,-0.0187770295695311,-0.0744382720888755,-0.0286328912484569,-0.017242089609403,-0.0289793381981109,-0.0435265957314146,-0.0313938608817373,-0.0440856911512481,-0.0156908973945727,-0.0309446386231024,-0.0400211786851285,-0.0257010204853441,-0.0490820897370253,-0.0443403374433443,-0.0160619259772236,-0.00147164196655488,0,-0.0360644918588597,-0.0308920897728787,-0.0269003648543118,-0.0119410411560835,0.0163860926751715,0.0556655859831945
"1683","96071",-0.00756885694790614,0.0132984019004924,0.0374567457010508,-0.00855393968050639,-0.0121202769254286,-0.0122236361222121,0.00607390171185941,-0.0099204944915942,-0.0106129003271681,-0.012766343095186,0.00114742037655624,-0.00535541565685215,-0.00791535517816929,0.00178770599212003,-0.00763366561008739,0.0036066501864132,-0.00687612535710749,-0.00854385352019345,-0.00637253408722519,0.00945113554936509,-0.0041256514893042,-0.0188192684430047,-0.0147658424455114,-0.0125923695878023,-0.00942923946079781,-0.0263131379645986,-0.0182851742021083
"1684","96073",-0.0299637069694866,0.116632631961794,0.506759062578842,0.0120983664563928,0.0396465210570747,0.0457301976818734,0.0359386747621683,0.0897788710971,0.108514045093286,-0.0619150277654323,-0.180370680209359,-0.165384512697895,0.0753948718601257,-0.178119469931684,-0.206842687717495,0.0528246710888202,-0.0417873218874329,-0.0159437863553843,0.112052351409507,-0.293547507877072,0,0.0452580458609031,0.0141693391966589,-0.185662080915755,0.0420667369816518,0.0112902129855299,0.107398859909436
"1685","96074",0.00148471349032444,0.0197246194309166,0.0351526534534814,-0.0037755684290434,-0.00656203869643258,-0.00951099007372323,0.01185734332353,-0.00891165526046544,-0.010593402276686,-0.00341978959255846,0.0106657133658198,0.000874982853186422,0.0252054995049428,0.00741224151444378,0.00248892963288278,0.00754720822323891,-0.00482667857001876,-0.00511177478781352,-0.00233434119293642,0.00345674271920941,0,0.0188717047604374,-0.0178523788701329,-0.0200129693062105,0.00208718858533458,-0.0171485681021797,-0.016130223088487
"1686","96075",-0.00431181876976134,0.0196116443892596,0.036135716865405,-0.0086166639350396,-0.0104287168599986,-0.0119664639871532,-0.0100348394897724,-0.0120402194617484,-0.0130279105659042,-0.000664761121264033,0.0136110688832762,0.00379241329527794,-0.00238658686875187,0.0140774814109475,0.00597037036482053,-0.00948799160924948,-0.000109958259050287,-0.00216347520123568,0.112321057617215,0.139648074433762,-0.0323236211906396,0.0562986314619232,0.10367868585326,-0.072295495382303,0.0215939977037258,0.0134391956098749,-0.00797987392959
"1687","96076",-0.00719745284955784,0.00208905762810338,0,-0.013226934085534,-0.0218263901174167,-0.0354644250452334,0.00109763264886953,-0.02641534398496,-0.037415063685324,0.0643689286118291,-0.021389952307841,-0.0478905391882727,0.0264784724541773,0.0709138408989579,-0.0121479160732926,0.00849039010673323,0.0309461392876992,0.0489176300357303,-0.0113094229690564,-0.00169492509534515,0,-0.019785870951268,-0.0298113992835662,-0.0196502057606251,-0.020265465246838,-0.0215575585978373,-0.0177197546603985
"1688","96080",0.0812354983233707,-0.101500387139461,0.825871329731627,0.292349853396492,0.413963013692599,0.924435013997429,0.407000562096834,0.378023997755442,0.382895306718034,0.166905981046789,0.125133287949232,-0.299310977092592,0.0228086546475885,0.333585082088609,0.492163965109189,0.19472717601872,0.187364911707859,0.353420546667537,-0.450489095287449,-1.88440813232196,0,-0.301060685179049,0.52820037567825,0,-0.0203770648678434,0.259568074204798,0.396659300795575
"1689","96084",0.0775287160206434,0.130962395233021,-0.0284379291812672,0.0918916731970668,0.160967522197255,0.0883622867296286,0.0436732277409072,0.0869188449536828,0.0942519857321022,0.0661213761654624,0.141048124439038,-0.0303665370416105,0.0530329082312973,0.0724357899342788,0.162554312755637,0.0460448150255852,0.0683103627633483,0.0455641992956645,-0.0359718196217203,-0.0193521385139262,0,-0.0545484429765705,-0.0577476870695539,-0.0771895604640078,-0.0185825530166439,-0.00698272019978479,-0.011658741163214
"1690","96085",0.00317153087899528,0.0215511446990314,0,0.000254636839828203,-0.00484569199418457,-0.00774979447974305,0.00396949215602591,-0.00095355839757189,-0.00314063233071065,0.00311915640157058,0.0141703244959592,0.00484536172541722,0.00450352352014656,0.0166214712910656,0.00617042178739434,0.00144084662747887,0.00500889775324646,0.00303211052188363,0.0022320578127051,0.0104783319155089,0,-0.00338907216158991,-0.00858629811212235,-0.0123227311908099,-0.00753591792786229,-0.00774853461165821,-0.00908122771449484
"1691","96086",0.106182821479389,-0.0165635733997021,0,0.0371466330301479,0.0216351161023998,-0.0405217389934067,0.0149904109965511,0.037916154667929,-0.0283489564192077,-0.0128071535746073,0.00127777947845599,-0.0085117704773713,-0.0168018247244605,-0.00226568447615938,-0.0115245009098781,0.0138274886842892,-0.0209239056975667,-0.021939686959942,-0.00762550702897221,-0.00158239882392524,0,0.0121236746013941,-0.0229578153313837,-0.0313629297627217,-0.00678786075081459,0.0142957385481481,-0.0194283135411228
"1692","96087",0.112886050888708,-0.0617194189828949,-0.023345018152656,0.0268283237582895,0.0101343228886912,-0.0920734845116833,-0.0215210603596066,-0.0310018921157138,-0.072777166991671,0.119770568072258,-0.0669415563595727,-0.0668477130063478,0.0722170926383511,0.0418995916048782,0.0491412202024382,-0.0041911174545507,-0.0146618531075198,-0.0126145133242476,-0.0423484858918608,0.275433526101056,0,-0.00176815240610211,0.0997278442470353,-0.0525617736228228,-0.0328279324394927,0.0781099143200972,-0.0793767554571537
"1693","96088",-0.117079917368619,0.0456666054122253,0.504065239326967,0.0365440468039196,0.0388574109029405,0.0198470147458567,-0.010132737707031,-0.00352161686884267,-0.113553104701175,0.194856984435865,0.103099999203788,-0.0287174519418744,0.0994883561688866,0.113651000654101,0.260563726261124,0.127618464322162,0.0828044352741321,0.203100213732669,0.0727734753775677,0.10340238908186,-0.584871695508753,0.112032829115969,0.100993455846582,-0.0779203437022604,0.0617926611422717,0.121720569533932,-0.0272859194022139
"1694","96090",-0.0177546205429547,0.00300501383605499,0.0177474632638111,-0.0183001758376692,-0.0233074727282141,-0.026491557262786,-0.0207048552024987,-0.0217920496936632,-0.0195370752443802,-0.0189649545992559,-0.00875216874477542,-0.018524666923091,0.0127375555133844,-0.00128176987957818,-0.0121384700566815,0.010221019312876,0.0137650468889711,-0.0125203805301829,0.0557437451250366,0.000680471505621831,-0.0139377309666741,0.0096847298037441,-0.0227349791971845,-0.0212030261596452,0.00171437813474478,-0.00552919935515324,0.0185817179958976
"1695","96091",-0.0273992946188163,-0.00926282598846869,-0.0229380810975785,-0.0351417605231296,-0.0377284799247928,-0.0403975904529188,0.0221912807481412,0.00676306920776311,0.00823159153470099,0.0440390242594945,-0.00563070567834995,-0.0107022245841617,0.0263144357869336,0.0427661880829508,-0.0198907173035925,0.0265114458396672,0.0274198978388384,0.0191680635271123,-0.0596468046872043,-0.0342492869253317,-0.0166510896419524,-0.054114064291463,-0.0528635271442234,-0.0452391659830776,0.00511269288932655,0.0218399351532023,-0.00227084031410897
"1696","96092",-0.00618413086886355,0.0138353020850793,0.0284005260836156,-0.0129179311069936,-0.0178020026132203,-0.0159189041245571,0.020171258870308,0.0108675045532349,0.0226738477619149,-0.00779068509381067,0.00416375914982039,-0.00607389129841538,-0.0109126614752405,0.00570306036309377,-0.00554863742694511,-0.00297185099434172,-0.0106185957323836,-0.00719543945332996,-0.0372714145129856,-0.0319128461950432,-0.0189829914545116,0.0230594104310278,0.0504530227746246,0.113061977137392,0.00755194569956268,-0.00739038551946465,0.0130662804178271
"1697","96093",-0.0123544681034256,0.0864908054347169,-0.152619458054136,-0.0485180214275727,-0.0772311000074909,-0.273684321970347,0.0051607902929076,-0.0704547533598305,-0.0332564314209066,0.067553933580077,0.00557328851958252,-0.574343609083123,-0.0208135511044282,-0.0179163762404643,-0.112447080513042,-0.0554536294173366,0.00100883795441875,-0.0254161182885734,-0.119850212951453,-0.310084732025177,0,-0.0431153129516117,-0.132331492765969,0.0571316820186666,0.0178535577702104,0.0160633396264368,0.0505964139719346
"1698","96094",0.0873559875199615,-0.00531511057983886,0.235926563174026,0.013794769773891,-0.0118579947815846,0.0141471286674919,0.00822520378059663,0.00271417777201139,-0.0483557321115658,0.04427071052214,0.210835260703052,0.159629323578574,0.148402701853699,0.103690563238733,0.0982567350849949,0.177151617287876,0.237243785722498,0.35782003576718,0.104988702395209,0.107719622379379,-0.424115102305806,0.0472337957924806,-0.0359454233815159,-0.0774885312457325,-0.00953848843917752,-0.0610313904020739,0.0313567304461865
"1699","96096",-0.0215324233195377,0.00503126486692428,0.0236596248605281,0.00677887322423576,0.0198797261432604,-0.032028778254115,-0.00677122667008973,-0.000943441217217263,-0.0247989506581635,0.0492632823103032,0.124009176200072,-0.00964868756395824,0.0127822300386594,0.0433980978715014,-0.0092562103239274,0.00394485362609047,0.00348528489639415,-0.0247603795081947,0.0318777815984297,0.240090561108477,0.469930484969389,0.0166733114628453,0.088022631667048,0.289526830855329,0.030065985945307,0.0574981060285055,0.0442136284793572
"1700","96097",0.108176637875197,0.0770064610847474,-0.618916437487972,-0.0560176326406397,-0.153723310787875,0.34880991691007,0.0328391756735076,-0.0552416372121504,0.102847387594671,-0.15224762983771,-0.337105454382549,0.00640999020440324,0.0020851929989633,-0.0258132166609702,-0.0662926724821069,-0.0658018966190794,-0.0925936613819112,-0.11472262628706,-0.0678777394246977,0.602405659887605,0,0.0656823361962396,0.121129765033388,-0.610980431188451,-0.0357573599714126,0.10849207804301,-0.183050028083141
"1701","96101",0.122769744335689,0.027357551076495,0.320702770255416,0.0316960514427534,0.0626549859383368,-0.0483693303679915,0.082471631964891,0.120486654947377,0.124135808565997,0.0535514803295044,0.226315168898964,-0.0980036664044414,0.0168867377324261,0.111933198088066,-0.090190252933911,0.0573550370880329,0.0877430863473036,0.35752276129144,0.0655011321491727,0.0284544395834169,0,0.0797967621473782,0.071516710949998,-0.165549451629679,-0.0177656610911104,-0.0486462277395598,-0.0253018619372743
"1702","96103",-0.0631411404228752,-0.0322056304440821,-0.00859009812458328,-0.0165814620523185,-0.0633046427453448,-0.054311446506506,0.0090457813617518,0.0344352205011677,0.0240397652197757,0.00497409597339146,-0.0377281778974806,-0.0629381665593828,0.0343200666647434,-0.0341739870244739,-0.0458516352298845,-0.024571757025685,0.00417208985553229,-0.0064015967395433,-0.0427047678409704,-0.0204773109063556,-0.0330618438394466,-0.0560076147615158,-0.0638104952566877,-0.0630263838895684,-0.0187384797584986,-0.0359468338793146,-0.0147823166125684
"1703","96104",-0.0117652797463375,0.0161176510353523,0.0321056264999623,0.0119137013066336,0.0476310988910887,0.073433560856446,0.0289662693443339,0.0378974966700562,0.0918976014926856,-0.0267812732693442,-0.0272838664210147,-0.0463628971959247,0.0393880215518441,0.0464593421534258,0.094735592749376,0.0236370863737788,0.0345639358964885,0.0262369199481952,0.0382384452684727,-0.00391076930976576,0,-0.000305607943913178,0.0264900108154673,-0.0590535628344703,-0.0157844879515917,-4.67518971386008e-05,-0.0439540292874146
"1704","96105",-0.00622277476729808,0.0155876796855071,0.0325971489056266,-0.0129933174466942,-0.0169800108852013,-0.0199448552567721,-0.0113276790765379,-0.015237692616594,-0.0170971357656144,-0.00663072479251502,0,0,0.022658619405621,0.0137800060043906,0.00387625551906113,0.0171926513584928,-0.00117407164053925,0.000733741973517336,-0.0128207008995382,-0.00311680146005797,0,-0.0161707969560958,-0.0248232203953734,-0.0326157775784453,-0.00802138902734038,-0.0233923808969538,-0.0296615598460788
"1705","96106",-0.0161441096969773,0.00870447873221736,0.0312141157500081,0.0123086314647189,0.0344680425434408,-0.0404634530164598,0.0460243713166056,0.0705499741246929,0.0776548657670165,-0.0116597947369979,-0.00214298398911378,0,0.0154127313410851,-0.00320742078640198,-0.0124232350706552,0.00978056368055168,-0.0234518206043065,-0.0162235790908055,-0.0158785401647062,-0.0140451684141655,-0.0356729947603662,-0.0165246517798624,-0.0225188989303909,-0.0341727367002147,-0.022603032891895,-0.0210842549405317,-0.0206885677842483
"1706","96107",0.000903815727423133,0.0171093227423732,0.0300977480196282,-0.00109444363177044,-0.00646559942928016,-0.0100217615940939,0.00315036209147297,-0.00158087344049895,-0.00405326741447021,0.00129116305501886,0.0111466747336464,0.000455604889906979,0.00432446551921001,0.0150779272540636,0.00362397608967589,0.00158515002815321,0.00450229169069699,0.00181966864459487,0.00114908867903999,0.00802862196848794,-0.0153628163814452,-0.00539413418132437,-0.00983114094505218,-0.0185921152617428,-0.0084130139275442,-0.00880167809878184,-0.0100797179456636
"1707","96108",0.00230442934132879,0.0216578504781524,0.0374729878588662,0.000274091819235877,-0.00464587955872028,-0.00782842787922503,0.00396985908363071,-0.000688990943090695,-0.00260101785375205,0.00220434121753148,0.0140974637295181,0.00470818182430752,0.0050005495906043,0.0165388204266982,0.00661432523811022,0.00281616020881234,0.00596846910155563,0.00395563059338316,0.00369256858472835,0.0105496954495635,-0.00311331450104259,-0.000720732379349452,-0.007798443889222,-0.0116283116448824,-0.00534036041293615,-0.00627354775358054,-0.00839729138942129
"1708","96109",-0.00992974987445794,0.0131450547900628,0.024618092537597,0.0128341493325417,-0.0279176881248927,-0.0289267184890567,0.00115139521001511,-0.0175089356635921,-0.0153138541901382,-0.0145072133850888,0.00813878373850893,-0.00448285964235859,-0.0160804905621837,0.00639711010605067,-0.000293261428311863,-0.014711848301309,-0.00338288483494471,-0.00130801226215469,0.0438561443337926,0.00297590021505917,-0.0176653877809627,0.0317877650361025,-0.0332984179045951,-0.0278321173651422,0.000836375215667271,-0.0394924148732744,-0.0349953480103809
"1709","96110",0.00398971878707879,0.0219571359295924,0.0372347695442415,0.000834143576503999,-0.00408826346284904,-0.00700782096647222,0.00471290550041612,-0.000525064439111587,-0.00288859327364968,0.00326832556492837,0.0140108184937503,0.00454504896893383,0.00594296255497283,0.0174584762021661,0.00649961262910315,0.00302719336315998,0.0063361579175569,0.00380379137331928,0.00195191551391707,0.00699936092904502,-0.00733453517666628,-0.00504192505441785,-0.0108465366732467,-0.0153330316049442,-0.010062755813673,-0.0112579097138072,-0.011023788096533
"1710","96111",0.00360349450211292,0.0219764884888314,0.0372672538598721,-8.07281694545318e-05,-0.00489561444437997,-0.00759041144439951,0.00363647250464584,-0.00139207418061356,-0.00350196153551818,0.0018597346877408,0.0140226337531732,0,0.00458111751130325,0.0156783056197664,0.00459642169058952,0.00129585217702142,0.00515702237269784,0.00263290476825929,0.00102075624292925,0.00406342596482743,0,-0.0022995606088267,-0.00897435342143191,-0.011724427525219,-0.00742605654506613,-0.00803639750465968,-0.0096024963775055
"1711","96112",0.0566802166642084,0.151847975473929,0.356776490268759,0.0184744387926789,0.0306229670660532,0.0601276309229271,0.0103798544327285,0.0120142055027974,0.0226539616409545,0.0506534554144307,0.119672557281192,0.183433881340812,0.0228213680364887,0.0640071899562349,0.0854187487876191,0.00652228227299382,0.0238757481989532,0.0459884105962722,-0.000419340345503841,0.00768526801942514,-0.00685498751071147,-0.00549238496943697,-0.0100198783389758,-0.0141665204436889,-0.00990334030574437,-0.00939510791126167,-0.0108492509460346
"1712","96113",-0.0173593312179924,-0.00206162111618186,0.0135610334989346,0.00932607771434337,-0.028344449795419,-0.0301428381535709,-0.00338263388098337,-0.00159087858366174,-0.0300692509617167,-0.0143520464995035,0.00707436264879101,0,0.0178047539673395,0.00498508381013951,-0.00206723595163637,0.0297037155443215,-0.0102908183945603,-0.0040599756798001,-0.00840245678639275,0.00608145153944735,-0.0112576333449131,-0.0194359901214989,-0.0213309709751321,-0.0311401771531408,-0.0264575659280556,-0.0318970838124312,-0.0368674434977687
"1713","96114",0.111769677297482,0.0474748566178843,-0.133561064337651,0.0822749554424138,0.0602535463884812,0.210872312085277,0.0809577143145362,0.0936620543140486,0.0989027112155144,-0.00768230004454806,-0.0324715940058449,0,0.0913678478475356,0.15341225059783,-0.0797392849884736,0.0591817625346921,0.108759393058575,0.0591823234109019,0.0247173450920096,-0.051557111674108,0,0.0172779016752298,-0.0532562723043934,0.203898045999215,0.0085948426736016,-0.0172034400653589,0.101733584745358
"1714","96115",0.0651391390270213,0.188691536553596,-0.0165076714745782,0.0231312755905431,0.0385733640801426,-0.0203767681200142,0.0133791041203624,0.0164409123707621,0.0303027700908279,0.0643891221658996,0.138230578028521,-0.040117025976772,0.0265794703030644,0.0861273978072982,-0.0214138199547062,0.00793765886893072,0.0273432421006722,-0.0121964704157282,-0.0155028858621443,-0.0170920701056005,-0.0387918652128906,0.00445790451334443,-0.0468551285965551,-0.0660597406615795,0.00601253928974493,-0.0349974291235396,-0.0360923346688078
"1715","96116",-0.00305952892478259,0.0152697169876316,0.0312764861431335,-0.00772575163670853,-0.0138750628372085,-0.0186344619445839,-0.00415406832189928,-0.00961889493443709,-0.0123497144744242,-0.00370331245046992,0.00480199071812629,-0.00491979454782309,0.0220206339420473,0.00763985694871164,-0.00522914118691167,0.00853274087169443,-0.00423777101998746,-0.00543191822076906,-0.0116593417341,-0.0252382163848921,0,-0.0111625006397316,-0.0183852824348381,-0.0130125451543055,-0.0170388926598889,-0.0179057371571615,-0.0145906046373333
"1716","96117",0.000663533832471484,0.020473571887542,0.0359408109716212,0.0229951542427879,-0.00726194743133942,-0.00967630727978568,0.012925222399377,0.0160681521576197,-0.00649663173135537,-0.00417137088513295,-0.00711427795666038,0,0.000137933403248884,0.0112476531184233,0.00141176002705225,-0.00406895602881473,0.00135589874261231,-0.00124364808679109,0.0591296384640697,0.00511407302313466,0,0.0164617004263191,-0.015688099928688,-0.0232981130788996,-0.00347772032705184,0.0173654360304686,-0.0300190776925127
"1717","96118",-0.0342137484201836,-0.00598424186598243,0.0117872821084562,-0.0449988103673239,-0.0426367643130623,-0.040607113131348,-0.0462614599938819,-0.0439254553950485,-0.0405172208234187,-0.0234851600494916,0.00257537286908642,-0.0110543605437899,-0.036631322322238,-0.00166542735996961,-0.0109991056320581,-0.0449285207623672,-0.0203486844358366,-0.0161918706948535,-0.0525935584912488,-0.0213401146220594,0,-0.0501125248867702,-0.0778734964172394,-0.0745607349700603,-0.0217411458624249,-0.00533817458158165,-0.0786593459974594
"1718","96119",0.00143804936357691,0.0199063650080717,0.035904749209321,-0.000396825983753725,-0.00534945469008369,-0.0079118234158782,0.00340899664039151,-0.00187161432673517,-0.00410648829273156,0.00136733136238178,0.0119445174239122,0.00302623333231987,0.00384119423944417,0.0153359262752,0.00454445382358845,0.00132018980996456,0.00451705878687122,0.00210865030786656,0.00162253237063823,0.0104879756363271,-0.00292182520848399,-0.00477986383833538,-0.0093012244214928,-0.0115473719561779,0.00456454372340972,-0.0104965502532378,-0.0105509010113489
"1719","96120",0.00120466348169305,0.0177519271669746,0.0314224137887609,-0.00133328313379583,-0.00666435266900434,-0.00993254645904953,0.00197065858733954,-0.00256162420439419,-0.00482506268950122,0.000693956856063501,0.0112968473865252,0,0.0033088824988765,0.0151704881866637,0.00427220333268193,0.000466716803800904,0.00403824405395569,0.00243039953244505,0.00269789195853423,0.0118481618201905,0,-0.00297553936681404,-0.00905571083164615,-0.0144298847724649,-0.00800074970884073,-0.00870226127103356,-0.00836041101076541
"1720","96121",-0.0177265206391401,0.00498236298554622,0.0287149627261096,0.0438081616894755,0.0742126314502463,0.137414432846316,0.0230815657441826,0.0325525768959957,0.0529408453296297,-0.0126063249682489,-0.0418056920455448,-0.0544885915186286,0.0462206005007702,0.102106987158458,0.246465168054128,0.0349464101894668,0.0472670162175852,0.0977289536943274,0.0604636895599882,0.0105148964678233,0,0.0175569833870133,-0.0165786424008364,-0.0244209821888137,-0.00105422249646449,-0.0147159532931637,-0.0170421880543992
"1721","96122",-0.0407349131878693,-0.00532605537475931,-0.0730162874607736,0.0112440387047044,0.110381854047052,0.19531945444268,-0.00786413869194858,0.0689082780668833,0.0303042203643492,0.108039747687329,-0.175812512373584,0,0.0778718809631743,-0.0318176377695789,0.0643211034694033,0.0761671495110748,-0.132716868295929,-0.103534278321026,0.0664800598015662,-0.449479991446931,-0.395453185297186,0.154235712622284,-0.0369793612485282,0.119453817424245,0.160610602172298,0.132299194988819,0.114425908218663
"1722","96123",0.000797354835466864,0.0197924824611555,0.037873627751644,-0.0109431227301842,-0.0122430798108881,-0.0151780908436728,0.0263709896159871,0.0329733148884419,0.0225369226570366,-0.00117248986782542,0.00994634333818335,-0.00117091216334758,-0.00515769149283902,0.00924947643013173,-0.00213866569698617,0.0259717817265835,0.0281518122281214,-0.00935031219601044,0.000577364268424339,0.0084876221719481,-0.00445303619909951,-0.00418254885549793,-0.0106431674831219,-0.0129256252247523,-0.00909376912691106,-0.00958701140872879,-0.011289769516324
"1723","96124",-0.00334292568045209,0.0145029652283683,0.0278468389427159,-0.00539746209191024,-0.0109305406347533,-0.0135672327432495,-0.00375032039486272,-0.00690513874078525,-0.00905913995169729,-0.00433381331488736,0.0106035123127941,0.00395183858575677,0.0268128769661777,0.0139789123374731,0.00438250931238262,0.00981774040528245,-0.00294485552155185,-0.00704107510279655,-0.00508035853962855,0.0060667002259747,0,-0.0104631828538989,-0.0165842568164613,-0.0124845850803285,-0.0173391536896485,-0.0169466016650905,-0.0143077917152876
"1724","96125",0.057403632330934,0.160166468024743,-0.00145312334849659,0.0100877863308069,0.023182657015943,-0.0352100070685665,0.00388208510555688,0.00523597859287791,0.0139796875838923,-0.0290701701422619,-0.0328171479361438,-0.0960689773041781,0.0205939436237669,0.0625138977022422,0.0895400608988457,0.0199619383380053,0.0169598252002061,0.029872133671653,0.061316380269838,-0.0284300217959892,-0.00504710672519814,0.0442902116984709,0.031722500539258,-0.0162306057853918,0.0152602743403607,0.00900776981665592,-0.0125053161697972
"1725","96126",-0.0104521919548425,0.0121393919500284,0.0338891447097462,0.0445436207198141,-0.0194723206938583,-0.0158397193806338,0.0230528235670006,-0.0154526821569151,-0.0154096231025921,0.000586705267259012,0.0103180335443675,0,0.00166367042746582,0.0158861518992461,0.00637186449634527,-0.00535399340663426,0.00256752511503399,0.00321514100156319,-0.00344668066098052,0.00839541594642742,0,-0.00761039934374525,-0.0106674806079565,-0.0149829328773302,-0.0145632164065426,-0.0141757788600795,-0.0115293178110124
"1726","96128",-0.034862691022809,-0.0457284454829366,-0.0497073060693699,-0.0265440333270252,-0.0339983626164487,-0.0397530578804729,-0.0201321847116892,-0.0255702670885811,-0.0299262796937732,-0.0240153957225752,-0.0130856419284434,0,0.00883325717250227,-0.0046726574520762,-0.012470633622472,0.00620514123818289,0.00480464349559238,0.0218044822931708,0.0446776551163509,-0.00118350021732291,0,0.00808924467983707,-0.0287865295663008,-0.0268678302806532,-0.0124622174128118,0.0141929229686067,-0.0295381435485631
"1727","96129",0.00262268037516486,0.0206675658379845,0.0367204345467564,-0.000994323133835024,-0.0058267087255739,-0.00846378513459813,0.00306192415425299,-0.00189772379552857,-0.00411991230419743,0.00222501273981885,0,0,0.00527874557123172,0.017279367317473,0.00625193767783788,0.00197204939668865,0.00577895253578267,0.00344926128430765,-0.0031225348116033,-0.00176074244824854,-0.0162646861541904,-0.00533614196143163,-0.0133446777722416,-0.0176237912996435,0.00297937635691583,-0.0110012372480409,-0.0134780371369502
"1728","96130",-0.104646877867514,-0.286507245414952,-0.774776923101119,0.110083451988799,0.142018690263984,0.017215044447007,-0.00922767732624574,0.0376129700549743,0.111996407394919,-0.279122835180752,0,0,-0.115949044714525,-0.0656667833782898,-0.0754923610757501,-0.0132698338722895,-0.0250301946370627,-0.0847301379922474,-0.280691704542005,0.321486273869174,0,-0.217988726041419,0.0235994204069234,-0.740326175188912,0.0134639572422066,-0.303563595940865,-0.332808824311753
"1729","96132",0.00276742371700254,0.0213735695510628,0.0372397828684261,0.000506893521679689,-0.00447176298797408,-0.00744655324996233,0.00383415195965291,-0.00102009693968058,-0.00278420974242437,0.00310242420509389,0.0141033713592296,0.00471930451899209,0.00563624669830792,0.0174024140565249,0.0066221465523607,0.00194876386810575,0.00583604968357012,0.00346581841266344,0.00283127362037309,0.0105439092170726,-0.00309536237986522,-0.00362405483516542,-0.0097472090950571,-0.0144801396422284,-0.0082697583120318,-0.00808846606984432,-0.0103277822672369
"1730","96133",0.00407183100251459,0.0221377598158232,0.0375379564901274,0.00124971435584056,-0.00389716948811185,-0.00692414787928112,0.00527632354918053,3.99181417823756e-05,-0.00225280540923624,0.00348228573883218,0.0141210942483639,0,0.00620900642346974,0.0175640561763011,0.00664561049511215,0.0035440349439662,0.00673222218967732,0.00397287909190099,0.00369844683101516,0.0105265505195998,-0.00304150601633311,-0.000683960850164694,-0.00780745402880795,-0.0115979592616182,-0.00529966633447361,-0.00623565702686059,-0.00840816293587882
"1731","96134",-0.0138820091909207,-0.0022826203317066,0.00510383568816506,-0.00955484789163837,-0.0147571219726445,-0.019616441827649,-0.00628396852143676,-0.0105120906775614,-0.0130743461266803,-0.0107927622455717,-0.0124689221047591,-0.0255702014489737,0.0212027360446321,0.00199148382084385,-0.0145376004432497,0.00573018615046014,-0.00986938408484521,-0.010651106658313,0.0585443728239949,-0.00168870144414876,-0.0197455216596955,0.0174973542163606,0.0539523115307879,0.0917477721526419,0.027901325703804,0.0235526693495615,0.0628676022380283
"1732","96135",0.00340946652693422,0.0220797021381062,0.0374405035432355,-4.4995759961614e-05,-0.00484437765542417,-0.00729950703885017,0.00262495770255092,-0.00214060284054557,-0.00422302735542172,0.00243625453170759,0.0140856484700952,0,0.00436353924769173,0.0175301197560434,0.00659868260960926,0.000988003282516306,0.00541559466602856,0.003330231710909,0.000995746627570137,0.0101403119694033,0,-0.00200969893113475,-0.00838945765837681,-0.0121624266292672,-0.00707691555243068,-0.00766046913401045,-0.00913596429222814
"1733","96136",0.00130405455938364,0.0198478079813185,0.036072649219625,-0.00139607080510233,-0.00637140732472842,-0.00900550785940742,0.00313996850597998,-0.00198859052859829,-0.0039997415601401,0.00200520615031468,0.0114538732651843,0,0.00387248409760558,0.0142341417245153,0.00358556339325968,0.000798754801834268,0.00409031548534701,0.00102494005603572,-0.000772348094314574,0.010514978054618,0,-0.00448187569709448,-0.00978364414593528,-0.0119030254908601,-0.00841424881643391,-0.00816859082363811,-0.0102734999202856
"1734","96137",0.0200603221661825,0.120746450207905,0.30514792739657,-0.0361425386484487,-0.0186577523801131,0.00843910695099617,-0.000329819700041465,-0.0106171868537371,0.0267131898592453,0.00435476891613948,0.0203785426138181,-0.330562112268955,0.097137047313309,-0.00919420591630348,-0.200124228180667,0.0588200364995446,0.0283480175339136,-0.0484281168016235,-0.160822438767186,-0.0120207750257519,0,-0.0514941429715437,0.00488624910579202,-0.00128466969014616,0.0489400270634388,-0.012879238400584,-0.0896987862240193
"1735","96140",-0.00340441148912755,0.0110175081871069,0.0267272238084461,-0.00741247242222196,-0.0115465836958613,-0.0161876188934393,0.0084688510202026,-0.00924989192405118,-0.0124268035858639,-0.00133583316466428,0.00682237148857894,-0.00412320825472365,-0.000388940641824931,0.0101739920524694,-0.00170413269448755,0.00849988760008663,-0.00405936377630996,-0.00285889387852953,0.0430096031700077,-0.0563263195680995,0,0.00402410482797764,0.0353105988477243,-0.104267144683456,-0.00890288297488212,-0.000625795102828415,0.0116864611200571
"1736","96141",-0.0224953911389664,-0.0134872040863171,0.0107846879270914,0.00404300784398241,-0.0306990588787268,-0.0322710109703941,0.00973660930487358,0.0160227694447364,0.0305963569946049,-0.00736427367588709,0.0025610368690724,0,0.0130896112953476,0.00658923165879601,-0.00444237403747574,-0.0101046105258604,-0.0250730401007877,-0.021305415524419,-0.0215562502748013,-0.0115295939419953,0,-0.0206629494216186,-0.0237855969292077,-0.0235267291352603,-0.0129734008708828,-0.0233528866786178,-0.0197158429014026
"1737","96142",-0.0170081348491215,-0.00597887084344954,0.00624946169166733,-0.0176124201544413,-0.0207528680364527,-0.0240459056457197,0.00241449857532205,0.0056046478401709,-0.0191231692260237,-0.00672159744793607,0.00525151059683581,0,-0.00722999680622103,0.00372555256575956,-0.00639915018609882,-0.0153987537486112,-0.00930743726700222,-0.011793429751682,0.0479184094473783,0.000895861576020851,-0.00946846730197478,0.00766678128721442,-0.0246726407962899,-0.0171437277294384,0.00957551668663832,0.0280280273914055,0.0148303229327177
"1738","96143",0.00601734819458514,0.119187717858244,-0.0398330056629386,-0.00299876147721246,0.0261909008898886,-0.0650520040026928,-0.0148710019094526,-0.0158586852384601,-0.0172945549749701,0.0197677520536806,0.318152046649245,-0.0217604325827783,-0.0078990950631855,0.00858691916230431,0.0298194346995112,-0.0276548148227039,-0.000816721947951543,0.000808058295275542,0.0386310635934477,0.301845134434239,0,-0.0418368344806082,-0.00567179839119222,-0.0760935204691285,0.00674166266681559,-0.0290643480581356,-0.0487516063330809
"1739","96145",-0.0367742098519691,-0.00653918992900979,0.00906014172838688,-0.021147476273805,0.0116952890060379,0.154841394628644,-0.0187499140698083,-0.0249028984118266,4.52062969191869e-06,0.0308002207163259,-0.0185859288911544,0,-0.0150917638964177,-0.0233042349432509,-0.0396128152183091,-0.0298273517143578,-0.03072509735887,-0.0326175569681163,-0.0362354771806787,0.0122214592508249,0,-0.0629165895689721,-0.0735201884660113,-0.143224485964204,-0.0574106189770748,-0.0837997314116234,-0.0763952088838319
"1740","96146",-0.0101378728600043,0.00675414141966316,0.0145525768602718,-0.0121547034693501,-0.0169757143172072,-0.0177477056176502,-0.00839510698724285,-0.0114542106233898,-0.0131544916914051,-0.00878194822884016,0.00305664029255584,-0.00611605418752524,-0.00846901015936307,-0.00364779132825612,-0.0203642668947262,-0.0101071765550217,-0.0105898712285776,-0.0175951382030983,-0.00601975885877352,0.00488930104232055,0,-0.0140442335809134,-0.016970711046598,-0.0208844037791526,0.00113678783657829,0.0114164537521145,0.0256949496703998
"1741","96148",0.000252961100638688,0.0191872668479698,0.0338672288238656,-0.00456369192963032,-0.00954719044870923,-0.0123548512246022,0.00980827557032351,0.0140582322132315,-0.00727252668161932,-0.0141438147267028,0.00348928155724679,-0.00970606938529339,0.0245323087018446,0.0611782113088964,-0.00357946241619865,0.0212480144710028,0.0267232324603809,0.0503554340277644,0.000284863930183045,0.00752271858371722,0,-0.00466051308503774,-0.010181814733873,-0.0152431059556053,0.001430981459377,-0.0122683808112667,-0.012599671385219
"1742","96150",0.0467012852201972,-0.163064839102991,-0.492799429769169,-0.0664063765280703,0.0185825291157207,-0.105153340628151,-0.130995267909962,-0.0878636796809245,-0.0514794516690921,0.0952992271396892,0.65547550473438,0,-0.0933689100126529,0.139065975242169,-0.148091972189791,-0.0358138032596128,0.00282852651328408,-0.164122356057812,-0.0259243813513529,0.746893611721947,0.378586792743347,0.0757965803319091,0.246277349614874,0.637209251388994,-0.0404683247713517,-0.0597466617794719,0.0827429900019263
"1743","96155",-0.0271278361615345,-0.0118559108505861,0.0103409326556335,-0.020427291501893,-0.0240564921464566,-0.0247919368014416,0.0110813235530587,-0.0180443511198371,-0.0169072634121019,-0.0294388467188131,-0.124615670277671,0,-0.0340513376823435,-0.0204475831419311,-0.0326063857324516,-0.0176559255962291,-0.0260006999050075,-0.0304550741486811,-0.0170603938341989,0.00536672743888927,-0.00243113389630257,0.00586902476903383,0.0375094178412481,-0.0141853620378182,0.0118095832279743,0.00570748584369069,-0.0159825636003464
"1744","96161",-0.061050024096236,-0.0717063240957926,-0.250992232597454,-0.0727426520971332,-0.0312819063831748,-0.0120803271351192,-0.0458210062371193,-0.0397956020805764,-0.0408699128184603,-0.185754911838069,-0.197618015239929,0,0.0382259771633903,0.111880417651092,0.0202368686946389,0.0614577839421006,0.126625510290337,0.12733023627155,0.0277297767526712,-0.146504754137365,0,-0.0261512673848165,-0.0128957357964962,-0.193175957359907,-0.0638850873493595,-0.104480492421117,-0.095889789221718
